******************************************
Nodal r-coordinates
125 1
-1.000000000000000 
-0.654653670707977 
-0.000000000000000 
0.654653670707977 
1.000000000000000 
-1.000000000000000 
-0.654653670707977 
-0.000000000000000 
0.654653670707977 
1.000000000000000 
-1.000000000000000 
-0.654653670707977 
-0.000000000000000 
0.654653670707977 
1.000000000000000 
-1.000000000000000 
-0.654653670707977 
-0.000000000000000 
0.654653670707977 
1.000000000000000 
-1.000000000000000 
-0.654653670707977 
-0.000000000000000 
0.654653670707977 
1.000000000000000 
-1.000000000000000 
-0.654653670707977 
-0.000000000000000 
0.654653670707977 
1.000000000000000 
-1.000000000000000 
-0.654653670707977 
-0.000000000000000 
0.654653670707977 
1.000000000000000 
-1.000000000000000 
-0.654653670707977 
-0.000000000000000 
0.654653670707977 
1.000000000000000 
-1.000000000000000 
-0.654653670707977 
-0.000000000000000 
0.654653670707977 
1.000000000000000 
-1.000000000000000 
-0.654653670707977 
-0.000000000000000 
0.654653670707977 
1.000000000000000 
-1.000000000000000 
-0.654653670707977 
-0.000000000000000 
0.654653670707977 
1.000000000000000 
-1.000000000000000 
-0.654653670707977 
-0.000000000000000 
0.654653670707977 
1.000000000000000 
-1.000000000000000 
-0.654653670707977 
-0.000000000000000 
0.654653670707977 
1.000000000000000 
-1.000000000000000 
-0.654653670707977 
-0.000000000000000 
0.654653670707977 
1.000000000000000 
-1.000000000000000 
-0.654653670707977 
-0.000000000000000 
0.654653670707977 
1.000000000000000 
-1.000000000000000 
-0.654653670707977 
-0.000000000000000 
0.654653670707977 
1.000000000000000 
-1.000000000000000 
-0.654653670707977 
-0.000000000000000 
0.654653670707977 
1.000000000000000 
-1.000000000000000 
-0.654653670707977 
-0.000000000000000 
0.654653670707977 
1.000000000000000 
-1.000000000000000 
-0.654653670707977 
-0.000000000000000 
0.654653670707977 
1.000000000000000 
-1.000000000000000 
-0.654653670707977 
-0.000000000000000 
0.654653670707977 
1.000000000000000 
-1.000000000000000 
-0.654653670707977 
-0.000000000000000 
0.654653670707977 
1.000000000000000 
-1.000000000000000 
-0.654653670707977 
-0.000000000000000 
0.654653670707977 
1.000000000000000 
-1.000000000000000 
-0.654653670707977 
-0.000000000000000 
0.654653670707977 
1.000000000000000 
-1.000000000000000 
-0.654653670707977 
-0.000000000000000 
0.654653670707977 
1.000000000000000 
-1.000000000000000 
-0.654653670707977 
-0.000000000000000 
0.654653670707977 
1.000000000000000 
******************************************
Nodal s-coordinates
125 1
-1.000000000000000 
-1.000000000000000 
-1.000000000000000 
-1.000000000000000 
-1.000000000000000 
-0.654653670707977 
-0.654653670707977 
-0.654653670707977 
-0.654653670707977 
-0.654653670707977 
-0.000000000000000 
-0.000000000000000 
-0.000000000000000 
-0.000000000000000 
-0.000000000000000 
0.654653670707977 
0.654653670707977 
0.654653670707977 
0.654653670707977 
0.654653670707977 
1.000000000000000 
1.000000000000000 
1.000000000000000 
1.000000000000000 
1.000000000000000 
-1.000000000000000 
-1.000000000000000 
-1.000000000000000 
-1.000000000000000 
-1.000000000000000 
-0.654653670707977 
-0.654653670707977 
-0.654653670707977 
-0.654653670707977 
-0.654653670707977 
-0.000000000000000 
-0.000000000000000 
-0.000000000000000 
-0.000000000000000 
-0.000000000000000 
0.654653670707977 
0.654653670707977 
0.654653670707977 
0.654653670707977 
0.654653670707977 
1.000000000000000 
1.000000000000000 
1.000000000000000 
1.000000000000000 
1.000000000000000 
-1.000000000000000 
-1.000000000000000 
-1.000000000000000 
-1.000000000000000 
-1.000000000000000 
-0.654653670707977 
-0.654653670707977 
-0.654653670707977 
-0.654653670707977 
-0.654653670707977 
-0.000000000000000 
-0.000000000000000 
-0.000000000000000 
-0.000000000000000 
-0.000000000000000 
0.654653670707977 
0.654653670707977 
0.654653670707977 
0.654653670707977 
0.654653670707977 
1.000000000000000 
1.000000000000000 
1.000000000000000 
1.000000000000000 
1.000000000000000 
-1.000000000000000 
-1.000000000000000 
-1.000000000000000 
-1.000000000000000 
-1.000000000000000 
-0.654653670707977 
-0.654653670707977 
-0.654653670707977 
-0.654653670707977 
-0.654653670707977 
-0.000000000000000 
-0.000000000000000 
-0.000000000000000 
-0.000000000000000 
-0.000000000000000 
0.654653670707977 
0.654653670707977 
0.654653670707977 
0.654653670707977 
0.654653670707977 
1.000000000000000 
1.000000000000000 
1.000000000000000 
1.000000000000000 
1.000000000000000 
-1.000000000000000 
-1.000000000000000 
-1.000000000000000 
-1.000000000000000 
-1.000000000000000 
-0.654653670707977 
-0.654653670707977 
-0.654653670707977 
-0.654653670707977 
-0.654653670707977 
-0.000000000000000 
-0.000000000000000 
-0.000000000000000 
-0.000000000000000 
-0.000000000000000 
0.654653670707977 
0.654653670707977 
0.654653670707977 
0.654653670707977 
0.654653670707977 
1.000000000000000 
1.000000000000000 
1.000000000000000 
1.000000000000000 
1.000000000000000 
******************************************
Nodal t-coordinates
125 1
-1.000000000000000 
-1.000000000000000 
-1.000000000000000 
-1.000000000000000 
-1.000000000000000 
-1.000000000000000 
-1.000000000000000 
-1.000000000000000 
-1.000000000000000 
-1.000000000000000 
-1.000000000000000 
-1.000000000000000 
-1.000000000000000 
-1.000000000000000 
-1.000000000000000 
-1.000000000000000 
-1.000000000000000 
-1.000000000000000 
-1.000000000000000 
-1.000000000000000 
-1.000000000000000 
-1.000000000000000 
-1.000000000000000 
-1.000000000000000 
-1.000000000000000 
-0.654653670707977 
-0.654653670707977 
-0.654653670707977 
-0.654653670707977 
-0.654653670707977 
-0.654653670707977 
-0.654653670707977 
-0.654653670707977 
-0.654653670707977 
-0.654653670707977 
-0.654653670707977 
-0.654653670707977 
-0.654653670707977 
-0.654653670707977 
-0.654653670707977 
-0.654653670707977 
-0.654653670707977 
-0.654653670707977 
-0.654653670707977 
-0.654653670707977 
-0.654653670707977 
-0.654653670707977 
-0.654653670707977 
-0.654653670707977 
-0.654653670707977 
-0.000000000000000 
-0.000000000000000 
-0.000000000000000 
-0.000000000000000 
-0.000000000000000 
-0.000000000000000 
-0.000000000000000 
-0.000000000000000 
-0.000000000000000 
-0.000000000000000 
-0.000000000000000 
-0.000000000000000 
-0.000000000000000 
-0.000000000000000 
-0.000000000000000 
-0.000000000000000 
-0.000000000000000 
-0.000000000000000 
-0.000000000000000 
-0.000000000000000 
-0.000000000000000 
-0.000000000000000 
-0.000000000000000 
-0.000000000000000 
-0.000000000000000 
0.654653670707977 
0.654653670707977 
0.654653670707977 
0.654653670707977 
0.654653670707977 
0.654653670707977 
0.654653670707977 
0.654653670707977 
0.654653670707977 
0.654653670707977 
0.654653670707977 
0.654653670707977 
0.654653670707977 
0.654653670707977 
0.654653670707977 
0.654653670707977 
0.654653670707977 
0.654653670707977 
0.654653670707977 
0.654653670707977 
0.654653670707977 
0.654653670707977 
0.654653670707977 
0.654653670707977 
0.654653670707977 
1.000000000000000 
1.000000000000000 
1.000000000000000 
1.000000000000000 
1.000000000000000 
1.000000000000000 
1.000000000000000 
1.000000000000000 
1.000000000000000 
1.000000000000000 
1.000000000000000 
1.000000000000000 
1.000000000000000 
1.000000000000000 
1.000000000000000 
1.000000000000000 
1.000000000000000 
1.000000000000000 
1.000000000000000 
1.000000000000000 
1.000000000000000 
1.000000000000000 
1.000000000000000 
1.000000000000000 
1.000000000000000 
******************************************
Nodal Face nodes
6 25
0 1 2 3 4 5 6 7 8 9 10 11 12 13 14 15 16 17 18 19 20 21 22 23 24 
0 1 2 3 4 25 26 27 28 29 50 51 52 53 54 75 76 77 78 79 100 101 102 103 104 
4 9 14 19 24 29 34 39 44 49 54 59 64 69 74 79 84 89 94 99 104 109 114 119 124 
20 21 22 23 24 45 46 47 48 49 70 71 72 73 74 95 96 97 98 99 120 121 122 123 124 
0 5 10 15 20 25 30 35 40 45 50 55 60 65 70 75 80 85 90 95 100 105 110 115 120 
100 101 102 103 104 105 106 107 108 109 110 111 112 113 114 115 116 117 118 119 120 121 122 123 124 
******************************************
Nodal 1D GLL Nodes
5 1
-1.000000000000000 
-0.654653670707977 
-0.000000000000000 
0.654653670707977 
1.000000000000000 
******************************************
Nodal 1D GLL Weights
5 1
0.100000000000000 
0.544444444444445 
0.711111111111111 
0.544444444444445 
0.100000000000000 
******************************************
Nodal 1D differentiation matrix
5 5
-5.000000000000000 6.756502488724238 -2.666666666666665 1.410164177942427 -0.500000000000000 
-1.240990253030983 0.000000000000000 1.745743121887938 -0.763762615825973 0.259009746969017 
0.375000000000000 -1.336584577695454 0.000000000000000 1.336584577695453 -0.375000000000000 
-0.259009746969017 0.763762615825974 -1.745743121887938 -0.000000000000001 1.240990253030984 
0.500000000000000 -1.410164177942426 2.666666666666663 -6.756502488724239 5.000000000000001 
******************************************
Plotting r-coordinates
8 1
-1.000000000000000 
-1.000000000000000 
1.000000000000000 
1.000000000000000 
-1.000000000000000 
-1.000000000000000 
1.000000000000000 
1.000000000000000 
******************************************
Plotting s-coordinates
8 1
-1.000000000000000 
1.000000000000000 
-1.000000000000000 
1.000000000000000 
-1.000000000000000 
1.000000000000000 
-1.000000000000000 
1.000000000000000 
******************************************
Plotting t-coordinates
8 1
-1.000000000000000 
-1.000000000000000 
-1.000000000000000 
-1.000000000000000 
1.000000000000000 
1.000000000000000 
1.000000000000000 
1.000000000000000 
******************************************
Plotting Interpolation Matrix
8 125
1.000000000000000 0.000000000000000 -0.000000000000000 0.000000000000000 -0.000000000000000 0.000000000000000 -0.000000000000000 -0.000000000000000 0.000000000000000 0.000000000000000 -0.000000000000000 -0.000000000000000 0.000000000000000 -0.000000000000000 0.000000000000000 0.000000000000000 0.000000000000000 -0.000000000000000 0.000000000000000 0.000000000000000 -0.000000000000000 0.000000000000000 0.000000000000000 0.000000000000000 -0.000000000000000 -0.000000000000000 -0.000000000000000 -0.000000000000000 0.000000000000000 0.000000000000000 -0.000000000000000 -0.000000000000000 0.000000000000000 -0.000000000000000 -0.000000000000000 -0.000000000000000 0.000000000000000 -0.000000000000000 0.000000000000000 -0.000000000000000 0.000000000000000 -0.000000000000000 0.000000000000000 0.000000000000000 -0.000000000000000 0.000000000000000 -0.000000000000000 -0.000000000000000 -0.000000000000000 -0.000000000000000 -0.000000000000000 -0.000000000000000 0.000000000000000 -0.000000000000000 0.000000000000000 -0.000000000000000 0.000000000000000 -0.000000000000000 0.000000000000000 -0.000000000000000 0.000000000000000 -0.000000000000000 0.000000000000000 -0.000000000000000 -0.000000000000000 -0.000000000000000 0.000000000000000 -0.000000000000000 -0.000000000000000 0.000000000000000 0.000000000000000 -0.000000000000000 -0.000000000000000 0.000000000000000 -0.000000000000000 0.000000000000000 0.000000000000000 -0.000000000000000 -0.000000000000000 0.000000000000000 0.000000000000000 -0.000000000000000 0.000000000000000 0.000000000000000 0.000000000000000 -0.000000000000000 0.000000000000000 0.000000000000000 -0.000000000000000 0.000000000000000 -0.000000000000000 0.000000000000000 -0.000000000000000 -0.000000000000000 0.000000000000000 0.000000000000000 0.000000000000000 0.000000000000000 0.000000000000000 0.000000000000000 -0.000000000000000 0.000000000000000 0.000000000000000 -0.000000000000000 -0.000000000000000 0.000000000000000 -0.000000000000000 -0.000000000000000 -0.000000000000000 -0.000000000000000 0.000000000000000 -0.000000000000000 -0.000000000000000 0.000000000000000 -0.000000000000000 -0.000000000000000 -0.000000000000000 0.000000000000000 0.000000000000000 -0.000000000000000 -0.000000000000000 -0.000000000000000 -0.000000000000000 -0.000000000000000 0.000000000000000 
-0.000000000000000 0.000000000000000 0.000000000000000 -0.000000000000000 0.000000000000000 0.000000000000000 -0.000000000000000 -0.000000000000000 0.000000000000000 -0.000000000000000 0.000000000000000 0.000000000000000 0.000000000000000 0.000000000000000 0.000000000000000 -0.000000000000000 0.000000000000000 0.000000000000000 -0.000000000000000 0.000000000000000 1.000000000000000 -0.000000000000000 -0.000000000000000 0.000000000000000 -0.000000000000000 -0.000000000000000 -0.000000000000000 -0.000000000000000 -0.000000000000000 0.000000000000000 0.000000000000000 0.000000000000000 0.000000000000000 0.000000000000000 -0.000000000000000 -0.000000000000000 0.000000000000000 -0.000000000000000 0.000000000000000 0.000000000000000 -0.000000000000000 -0.000000000000000 -0.000000000000000 -0.000000000000000 0.000000000000000 0.000000000000000 0.000000000000000 0.000000000000000 0.000000000000000 -0.000000000000000 0.000000000000000 -0.000000000000000 -0.000000000000000 0.000000000000000 -0.000000000000000 -0.000000000000000 0.000000000000000 -0.000000000000000 -0.000000000000000 0.000000000000000 -0.000000000000000 0.000000000000000 -0.000000000000000 0.000000000000000 -0.000000000000000 0.000000000000000 -0.000000000000000 -0.000000000000000 0.000000000000000 -0.000000000000000 -0.000000000000000 0.000000000000000 0.000000000000000 -0.000000000000000 0.000000000000000 -0.000000000000000 0.000000000000000 0.000000000000000 0.000000000000000 0.000000000000000 0.000000000000000 -0.000000000000000 -0.000000000000000 -0.000000000000000 -0.000000000000000 -0.000000000000000 0.000000000000000 -0.000000000000000 0.000000000000000 0.000000000000000 -0.000000000000000 0.000000000000000 0.000000000000000 0.000000000000000 0.000000000000000 0.000000000000000 -0.000000000000000 -0.000000000000000 -0.000000000000000 -0.000000000000000 -0.000000000000000 0.000000000000000 -0.000000000000000 -0.000000000000000 0.000000000000000 0.000000000000000 -0.000000000000000 0.000000000000000 0.000000000000000 -0.000000000000000 0.000000000000000 0.000000000000000 -0.000000000000000 0.000000000000000 0.000000000000000 -0.000000000000000 0.000000000000000 -0.000000000000000 -0.000000000000000 0.000000000000000 0.000000000000000 -0.000000000000000 0.000000000000000 0.000000000000000 -0.000000000000000 
0.000000000000000 -0.000000000000000 0.000000000000000 -0.000000000000000 1.000000000000000 0.000000000000000 -0.000000000000000 0.000000000000000 0.000000000000000 -0.000000000000000 0.000000000000000 -0.000000000000000 -0.000000000000000 0.000000000000000 -0.000000000000000 0.000000000000000 -0.000000000000000 -0.000000000000000 0.000000000000000 -0.000000000000000 -0.000000000000000 0.000000000000000 0.000000000000000 -0.000000000000000 0.000000000000000 0.000000000000000 -0.000000000000000 0.000000000000000 0.000000000000000 -0.000000000000000 -0.000000000000000 0.000000000000000 -0.000000000000000 -0.000000000000000 0.000000000000000 -0.000000000000000 0.000000000000000 -0.000000000000000 -0.000000000000000 0.000000000000000 -0.000000000000000 -0.000000000000000 -0.000000000000000 0.000000000000000 0.000000000000000 -0.000000000000000 0.000000000000000 -0.000000000000000 -0.000000000000000 0.000000000000000 0.000000000000000 -0.000000000000000 0.000000000000000 0.000000000000000 -0.000000000000000 -0.000000000000000 0.000000000000000 -0.000000000000000 -0.000000000000000 0.000000000000000 0.000000000000000 0.000000000000000 -0.000000000000000 0.000000000000000 -0.000000000000000 0.000000000000000 -0.000000000000000 0.000000000000000 0.000000000000000 -0.000000000000000 -0.000000000000000 0.000000000000000 0.000000000000000 -0.000000000000000 0.000000000000000 0.000000000000000 -0.000000000000000 -0.000000000000000 0.000000000000000 -0.000000000000000 0.000000000000000 0.000000000000000 -0.000000000000000 -0.000000000000000 -0.000000000000000 0.000000000000000 -0.000000000000000 0.000000000000000 0.000000000000000 -0.000000000000000 0.000000000000000 -0.000000000000000 0.000000000000000 0.000000000000000 -0.000000000000000 -0.000000000000000 0.000000000000000 -0.000000000000000 -0.000000000000000 0.000000000000000 -0.000000000000000 0.000000000000000 0.000000000000000 -0.000000000000000 0.000000000000000 -0.000000000000000 0.000000000000000 0.000000000000000 -0.000000000000000 0.000000000000000 -0.000000000000000 0.000000000000000 0.000000000000000 -0.000000000000000 0.000000000000000 -0.000000000000000 0.000000000000000 0.000000000000000 -0.000000000000000 0.000000000000000 -0.000000000000000 0.000000000000000 -0.000000000000000 -0.000000000000000 0.000000000000000 
0.000000000000000 -0.000000000000000 -0.000000000000000 -0.000000000000000 -0.000000000000000 0.000000000000000 -0.000000000000000 0.000000000000000 0.000000000000000 0.000000000000000 0.000000000000000 -0.000000000000000 0.000000000000000 0.000000000000000 0.000000000000000 -0.000000000000000 -0.000000000000000 -0.000000000000000 0.000000000000000 -0.000000000000000 -0.000000000000000 0.000000000000000 -0.000000000000000 0.000000000000000 1.000000000000000 0.000000000000000 -0.000000000000000 -0.000000000000000 0.000000000000000 -0.000000000000000 -0.000000000000000 0.000000000000000 0.000000000000000 -0.000000000000000 0.000000000000000 -0.000000000000000 -0.000000000000000 -0.000000000000000 0.000000000000000 0.000000000000000 0.000000000000000 -0.000000000000000 -0.000000000000000 0.000000000000000 -0.000000000000000 -0.000000000000000 0.000000000000000 0.000000000000000 -0.000000000000000 0.000000000000000 0.000000000000000 -0.000000000000000 0.000000000000000 0.000000000000000 -0.000000000000000 -0.000000000000000 0.000000000000000 -0.000000000000000 -0.000000000000000 0.000000000000000 -0.000000000000000 -0.000000000000000 -0.000000000000000 0.000000000000000 0.000000000000000 0.000000000000000 -0.000000000000000 0.000000000000000 0.000000000000000 -0.000000000000000 -0.000000000000000 0.000000000000000 -0.000000000000000 -0.000000000000000 0.000000000000000 -0.000000000000000 0.000000000000000 0.000000000000000 -0.000000000000000 0.000000000000000 0.000000000000000 -0.000000000000000 0.000000000000000 0.000000000000000 -0.000000000000000 -0.000000000000000 -0.000000000000000 -0.000000000000000 -0.000000000000000 0.000000000000000 -0.000000000000000 0.000000000000000 -0.000000000000000 -0.000000000000000 0.000000000000000 0.000000000000000 -0.000000000000000 -0.000000000000000 0.000000000000000 -0.000000000000000 0.000000000000000 -0.000000000000000 -0.000000000000000 0.000000000000000 -0.000000000000000 -0.000000000000000 0.000000000000000 -0.000000000000000 -0.000000000000000 0.000000000000000 0.000000000000000 -0.000000000000000 0.000000000000000 0.000000000000000 -0.000000000000000 0.000000000000000 -0.000000000000000 -0.000000000000000 0.000000000000000 -0.000000000000000 -0.000000000000000 0.000000000000000 -0.000000000000000 -0.000000000000000 0.000000000000000 
-0.000000000000000 0.000000000000000 0.000000000000000 -0.000000000000000 0.000000000000000 0.000000000000000 0.000000000000000 -0.000000000000000 0.000000000000000 0.000000000000000 0.000000000000000 -0.000000000000000 0.000000000000000 -0.000000000000000 -0.000000000000000 -0.000000000000000 0.000000000000000 0.000000000000000 0.000000000000000 0.000000000000000 -0.000000000000000 0.000000000000000 -0.000000000000000 0.000000000000000 0.000000000000000 -0.000000000000000 -0.000000000000000 -0.000000000000000 -0.000000000000000 -0.000000000000000 0.000000000000000 0.000000000000000 0.000000000000000 0.000000000000000 0.000000000000000 0.000000000000000 0.000000000000000 0.000000000000000 0.000000000000001 -0.000000000000000 -0.000000000000000 -0.000000000000000 0.000000000000000 -0.000000000000000 -0.000000000000000 0.000000000000000 0.000000000000000 -0.000000000000000 -0.000000000000000 0.000000000000000 -0.000000000000001 0.000000000000000 0.000000000000000 -0.000000000000000 0.000000000000000 0.000000000000000 0.000000000000000 -0.000000000000000 0.000000000000000 -0.000000000000000 0.000000000000000 0.000000000000000 -0.000000000000001 0.000000000000000 -0.000000000000000 -0.000000000000000 -0.000000000000000 0.000000000000000 0.000000000000000 -0.000000000000000 0.000000000000000 -0.000000000000000 -0.000000000000000 -0.000000000000000 0.000000000000000 -0.000000000000000 0.000000000000000 0.000000000000000 -0.000000000000000 0.000000000000000 0.000000000000000 0.000000000000000 -0.000000000000001 0.000000000000000 0.000000000000000 0.000000000000000 -0.000000000000000 -0.000000000000000 0.000000000000000 -0.000000000000000 -0.000000000000000 -0.000000000000000 0.000000000000000 0.000000000000000 -0.000000000000000 0.000000000000000 0.000000000000000 -0.000000000000000 -0.000000000000000 0.000000000000000 1.000000000000000 -0.000000000000000 -0.000000000000000 -0.000000000000000 -0.000000000000000 0.000000000000000 -0.000000000000000 0.000000000000000 -0.000000000000000 0.000000000000000 0.000000000000000 0.000000000000000 0.000000000000000 0.000000000000000 0.000000000000000 -0.000000000000000 -0.000000000000000 0.000000000000000 -0.000000000000000 -0.000000000000000 0.000000000000000 -0.000000000000000 -0.000000000000000 -0.000000000000000 0.000000000000000 
0.000000000000001 0.000000000000000 0.000000000000000 0.000000000000000 0.000000000000000 -0.000000000000000 -0.000000000000000 -0.000000000000001 0.000000000000001 -0.000000000000000 0.000000000000000 0.000000000000000 -0.000000000000000 0.000000000000000 -0.000000000000000 0.000000000000000 0.000000000000000 0.000000000000001 -0.000000000000000 0.000000000000000 -0.000000000000000 -0.000000000000000 -0.000000000000000 -0.000000000000000 0.000000000000000 -0.000000000000000 0.000000000000001 -0.000000000000000 0.000000000000000 -0.000000000000000 -0.000000000000000 -0.000000000000000 0.000000000000000 0.000000000000000 0.000000000000000 0.000000000000001 0.000000000000000 -0.000000000000000 -0.000000000000000 0.000000000000000 -0.000000000000001 0.000000000000002 -0.000000000000001 -0.000000000000000 -0.000000000000000 -0.000000000000000 -0.000000000000000 0.000000000000000 -0.000000000000000 0.000000000000000 -0.000000000000000 0.000000000000000 0.000000000000000 -0.000000000000000 0.000000000000000 0.000000000000000 -0.000000000000000 -0.000000000000000 -0.000000000000000 0.000000000000001 0.000000000000000 0.000000000000001 -0.000000000000001 -0.000000000000001 -0.000000000000000 0.000000000000000 0.000000000000001 -0.000000000000000 -0.000000000000001 -0.000000000000000 0.000000000000000 -0.000000000000000 -0.000000000000000 -0.000000000000000 0.000000000000000 -0.000000000000000 0.000000000000000 0.000000000000000 0.000000000000000 0.000000000000000 0.000000000000000 -0.000000000000001 -0.000000000000001 0.000000000000001 0.000000000000000 0.000000000000001 0.000000000000001 -0.000000000000001 0.000000000000000 -0.000000000000000 -0.000000000000000 0.000000000000001 0.000000000000001 -0.000000000000001 0.000000000000000 -0.000000000000000 -0.000000000000000 -0.000000000000000 -0.000000000000000 0.000000000000000 -0.000000000000000 0.000000000000000 -0.000000000000000 -0.000000000000000 -0.000000000000000 0.000000000000000 -0.000000000000000 0.000000000000000 -0.000000000000000 0.000000000000000 -0.000000000000000 -0.000000000000000 -0.000000000000000 0.000000000000000 0.000000000000000 -0.000000000000000 0.000000000000001 -0.000000000000001 0.000000000000000 -0.000000000000000 1.000000000000000 -0.000000000000000 0.000000000000000 -0.000000000000000 -0.000000000000000 
0.000000000000000 -0.000000000000000 -0.000000000000000 0.000000000000000 0.000000000000000 0.000000000000000 -0.000000000000000 -0.000000000000000 -0.000000000000000 -0.000000000000000 0.000000000000000 -0.000000000000000 -0.000000000000000 0.000000000000000 0.000000000000000 -0.000000000000000 0.000000000000000 0.000000000000000 -0.000000000000000 0.000000000000000 0.000000000000000 0.000000000000000 0.000000000000000 0.000000000000000 -0.000000000000000 0.000000000000000 0.000000000000000 -0.000000000000001 -0.000000000000001 0.000000000000000 -0.000000000000000 0.000000000000001 -0.000000000000000 0.000000000000000 0.000000000000000 0.000000000000000 0.000000000000000 -0.000000000000002 -0.000000000000000 0.000000000000000 0.000000000000000 -0.000000000000001 0.000000000000001 0.000000000000000 -0.000000000000001 0.000000000000000 -0.000000000000000 0.000000000000000 0.000000000000000 0.000000000000000 -0.000000000000001 0.000000000000000 -0.000000000000001 -0.000000000000001 0.000000000000000 -0.000000000000000 -0.000000000000001 -0.000000000000001 -0.000000000000001 -0.000000000000000 0.000000000000000 0.000000000000000 -0.000000000000000 -0.000000000000001 -0.000000000000000 0.000000000000000 -0.000000000000000 0.000000000000000 -0.000000000000000 -0.000000000000000 0.000000000000000 -0.000000000000000 -0.000000000000000 0.000000000000000 0.000000000000000 -0.000000000000000 0.000000000000000 0.000000000000000 -0.000000000000000 0.000000000000000 0.000000000000000 -0.000000000000000 -0.000000000000001 -0.000000000000001 -0.000000000000000 0.000000000000000 -0.000000000000000 -0.000000000000001 -0.000000000000000 0.000000000000000 -0.000000000000000 -0.000000000000000 0.000000000000001 -0.000000000000000 0.000000000000000 0.000000000000000 0.000000000000000 0.000000000000001 0.000000000000000 -0.000000000000000 0.000000000000000 0.000000000000001 -0.000000000000000 -0.000000000000000 1.000000000000000 -0.000000000000000 0.000000000000000 0.000000000000000 0.000000000000000 0.000000000000000 -0.000000000000000 -0.000000000000000 -0.000000000000001 -0.000000000000000 0.000000000000000 0.000000000000000 -0.000000000000000 0.000000000000000 0.000000000000000 -0.000000000000000 -0.000000000000000 -0.000000000000000 0.000000000000000 0.000000000000000 0.000000000000000 
0.000000000000002 0.000000000000002 0.000000000000000 0.000000000000002 -0.000000000000000 -0.000000000000001 -0.000000000000002 0.000000000000000 -0.000000000000001 0.000000000000000 -0.000000000000001 -0.000000000000001 0.000000000000000 -0.000000000000000 0.000000000000000 0.000000000000002 0.000000000000000 0.000000000000001 0.000000000000002 -0.000000000000001 -0.000000000000000 -0.000000000000001 0.000000000000000 -0.000000000000000 -0.000000000000000 0.000000000000001 -0.000000000000002 0.000000000000000 0.000000000000001 -0.000000000000000 -0.000000000000000 -0.000000000000006 -0.000000000000004 0.000000000000001 -0.000000000000002 -0.000000000000002 -0.000000000000002 -0.000000000000004 -0.000000000000002 0.000000000000000 0.000000000000001 -0.000000000000001 -0.000000000000001 -0.000000000000000 0.000000000000000 -0.000000000000001 -0.000000000000001 -0.000000000000001 -0.000000000000001 -0.000000000000001 -0.000000000000001 0.000000000000001 0.000000000000000 -0.000000000000002 0.000000000000000 -0.000000000000001 0.000000000000001 -0.000000000000004 -0.000000000000000 -0.000000000000001 0.000000000000000 -0.000000000000000 -0.000000000000003 -0.000000000000001 0.000000000000000 0.000000000000000 -0.000000000000002 -0.000000000000001 -0.000000000000000 0.000000000000001 0.000000000000001 -0.000000000000001 -0.000000000000001 0.000000000000002 -0.000000000000001 -0.000000000000000 0.000000000000001 0.000000000000000 0.000000000000000 0.000000000000001 -0.000000000000001 0.000000000000000 0.000000000000000 0.000000000000000 -0.000000000000000 -0.000000000000000 0.000000000000001 0.000000000000001 0.000000000000001 0.000000000000000 0.000000000000001 0.000000000000000 0.000000000000001 0.000000000000002 -0.000000000000000 0.000000000000001 -0.000000000000001 -0.000000000000000 0.000000000000001 -0.000000000000001 0.000000000000000 -0.000000000000001 -0.000000000000000 0.000000000000001 -0.000000000000000 0.000000000000001 -0.000000000000002 -0.000000000000001 0.000000000000001 -0.000000000000001 0.000000000000000 -0.000000000000000 -0.000000000000001 -0.000000000000000 0.000000000000000 0.000000000000000 0.000000000000000 -0.000000000000000 -0.000000000000001 0.000000000000000 0.000000000000000 -0.000000000000000 -0.000000000000000 -0.000000000000001 1.000000000000000 
******************************************
Plotting triangulation
6 4
5 1 2 0 
5 4 2 0 
5 3 1 2 
5 3 7 2 
5 6 4 2 
5 6 7 2 
******************************************
C0 overlapping patch forward matrix
7 7
-0.615708510156485 2.841685316271872 -0.709873599979423 0.263553881093113 -0.709873599979414 2.841685316271824 -0.615708510156475 
-0.669315403891545 2.932442217729685 -0.617288125129668 -0.000000000000003 0.617288125129684 -2.932442217729751 0.669315403891559 
-0.681878232622423 0.314681158180904 0.862567241903616 -0.790249725945486 0.862567241903615 0.314681158180906 -0.681878232622424 
-0.945048496433238 -0.076187287641271 0.891746890858809 0.000000000000001 -0.891746890858810 0.076187287641271 0.945048496433239 
-0.979205760526230 -0.782127480861731 -0.049777031394401 1.035401170127304 -0.049777031394401 -0.782127480861731 -0.979205760526230 
-0.906544150582606 -1.134197648360991 -0.996326619622028 0.000000000000001 0.996326619622029 1.134197648360990 0.906544150582607 
0.453956885954685 0.694563679742194 0.874183280449751 1.016870742464571 0.874183280449748 0.694563679742189 0.453956885954683 
******************************************
C0 overlapping patch diagonal scaling
7 1
44.836580914114968 
43.154455561592727 
14.983376168942199 
11.087275407722343 
5.926201211963669 
2.674935697351566 
0.670508371645748 
******************************************
C0 overlapping patch backward matrix
7 7
-0.145180977051048 -0.154134688932147 -0.378791812998347 -0.513411106372025 -0.476774665450129 -0.364024444944424 0.228717299389285 
0.670055137914387 0.675303551081129 0.174809285178881 -0.041389833206461 -0.380817375733989 -0.455439119138916 0.349942327123056 
-0.167384632708039 -0.142153478905719 0.479166798061695 0.484454247128657 -0.024236405101838 -0.400076757936362 0.440440150291477 
0.062144682640442 -0.000000000000001 -0.438993521264215 -0.000000000000000 0.504136174841153 0.000000000000001 0.512330437625940 
-0.167384632708036 0.142153478905722 0.479166798061694 -0.484454247128658 -0.024236405101838 0.400076757936363 0.440440150291476 
0.670055137914372 -0.675303551081140 0.174809285178881 0.041389833206461 -0.380817375733989 0.455439119138918 0.349942327123056 
-0.145180977051044 0.154134688932149 -0.378791812998346 0.513411106372025 -0.476774665450129 0.364024444944425 0.228717299389284 
******************************************
IPDG overlapping patch forward matrix
7 7
-4.973159182988440 5.025567863402465 0.033885768134269 -0.000000000000001 -0.033885768134270 -5.025567863402524 4.973159182988498 
5.027636214842490 -4.960433301499753 -0.091142989322129 0.072523132894804 -0.091142989322129 -4.960433301499690 5.027636214842429 
4.048860118640314 4.241867657678001 -1.154117114298349 0.436695983949254 -1.154117114298370 4.241867657678091 4.048860118640407 
-4.390501631368293 -4.383263786675804 1.050067624567558 -0.000000000000008 -1.050067624567524 4.383263786675680 4.390501631368176 
-1.123417226070418 -0.964812831388745 -1.046626449893680 1.329726744390993 -1.046626449893684 -0.964812831388742 -1.123417226070416 
-0.426670336651725 -0.410255839088409 -0.851102229958508 -1.210889274750857 -0.851102229958510 -0.410255839088408 -0.426670336651725 
1.029024733445276 0.962201305199835 1.527980350745333 0.000000000000003 -1.527980350745334 -0.962201305199835 -1.029024733445275 
******************************************
IPDG overlapping patch diagonal scaling
7 1
439.816149807767147 
430.792651287975730 
41.162777314769414 
39.227191988700213 
11.558997847565378 
1.485573549689802 
5.956658203533005 
******************************************
IPDG overlapping patch backward matrix
7 7
-0.497366687832584 0.503297594999229 0.478399891480610 -0.493394850864957 -0.388893642759587 -0.224385708476816 0.350103724188781 
0.502608090898941 -0.496570166200286 0.501205022560707 -0.492581477906131 -0.333989516871127 -0.215753332732255 0.327368477569916 
0.003388922743365 -0.009123979016510 -0.136366652849855 0.118004274345337 -0.362310959153992 -0.447594220760942 0.519862734000719 
0.000000000000000 0.007260015802259 0.051598550013998 -0.000000000000001 0.460311864105816 -0.636806040781157 -0.000000000000000 
-0.003388922743365 -0.009123979016510 -0.136366652849858 -0.118004274345333 -0.362310959153990 -0.447594220760943 -0.519862734000718 
-0.502608090898947 -0.496570166200280 0.501205022560722 0.492581477906121 -0.333989516871126 -0.215753332732256 -0.327368477569914 
0.497366687832590 0.503297594999223 0.478399891480625 0.493394850864947 -0.388893642759586 -0.224385708476817 -0.350103724188780 
******************************************
Gauss Legendre 1D quadrature nodes
6 1
-0.932469514203152 
-0.661209386466264 
-0.238619186083197 
0.238619186083197 
0.661209386466265 
0.932469514203152 
******************************************
Gauss Legendre 1D quadrature weights
6 1
0.171324492379170 
0.360761573048139 
0.467913934572691 
0.467913934572692 
0.360761573048138 
0.171324492379170 
******************************************
GLL to Gauss Legendre interpolation matrix
6 5
0.695221175704236 0.394314403846745 -0.134263188280018 0.069022234536328 -0.024294625807291 
0.008290910921566 0.999747411777814 -0.011328263453256 0.004980806950970 -0.001690866197094 
-0.096109138387809 0.410406346111627 0.817767760273219 -0.191143379532023 0.059078411534986 
0.059078411534986 -0.191143379532023 0.817767760273219 0.410406346111627 -0.096109138387809 
-0.001690866197094 0.004980806950970 -0.011328263453256 0.999747411777814 0.008290910921566 
-0.024294625807291 0.069022234536328 -0.134263188280017 0.394314403846744 0.695221175704237 
******************************************
GLL to Gauss Legendre differentiation matrix
6 5
-4.045819650335854 4.963693724096331 -1.350832236853071 0.663905990107575 -0.230947827014980 
-1.288514957558639 0.077347295585676 1.709988885943853 -0.755594993355494 0.256773769384603 
0.356945530869799 -1.971675836409686 1.463984762476769 0.244869653366531 -0.094124110303412 
0.094124110303413 -0.244869653366533 -1.463984762476765 1.971675836409686 -0.356945530869800 
-0.256773769384604 0.755594993355494 -1.709988885943851 -0.077347295585679 1.288514957558640 
0.230947827014980 -0.663905990107577 1.350832236853073 -4.963693724096336 4.045819650335858 
******************************************
Gauss Legendre to Gauss Legendre differentiation matrix
6 6
-7.145327131771606 11.109283694894055 -6.402816680808859 3.793561028968054 -1.890911470859323 0.536210559577678 
-1.223325472251408 -1.174852281034097 3.488553796847061 -1.638343894637413 0.756190111988843 -0.208222260912984 
0.324412318140670 -1.605150401681950 -0.253026278709328 2.095388925791030 -0.753833397365751 0.192208833825329 
-0.192208833825330 0.753833397365754 -2.095388925791034 0.253026278709333 1.605150401681946 -0.324412318140669 
0.208222260912985 -0.756190111988846 1.638343894637418 -3.488553796847059 1.174852281034093 1.223325472251410 
-0.536210559577678 1.890911470859327 -3.793561028968063 6.402816680808853 -11.109283694894044 7.145327131771603 
******************************************
Quadrature r-coordinates
6 1
-1.000000000000000 
-0.765055323929465 
-0.285231516480645 
0.285231516480645 
0.765055323929465 
1.000000000000000 
******************************************
Quadrature weights
6 1
0.066666666666667 
0.378474956297847 
0.554858377035487 
0.554858377035487 
0.378474956297847 
0.066666666666667 
******************************************
Quadrature Interpolation Matrix
6 5
1.000000000000000 -0.000000000000000 0.000000000000000 -0.000000000000000 -0.000000000000000 
0.185197077006326 0.919604196669608 -0.151661597640566 0.071511714023950 -0.024651390059318 
-0.111374219181803 0.502810010947702 0.744254190233158 -0.197629625344964 0.061939643345906 
0.061939643345906 -0.197629625344964 0.744254190233158 0.502810010947702 -0.111374219181803 
-0.024651390059318 0.071511714023950 -0.151661597640565 0.919604196669608 0.185197077006325 
0.000000000000000 -0.000000000000000 -0.000000000000000 0.000000000000000 1.000000000000000 
******************************************
Quadrature Weak D Differentiation Matrix
6 6
-7.500000000000004 -1.786364948339097 0.484951047853570 -0.269700610832039 0.237781177984232 -0.500000000000000 
10.141415936319667 0.000000000000002 -1.721256952830235 0.786356672223241 -0.653547507429801 1.349913314190486 
-4.036187270305343 2.523426777429454 0.000000000000001 -1.752961966367865 1.152828158535929 -2.244684648176168 
2.244684648176166 -1.152828158535928 1.752961966367866 -0.000000000000001 -2.523426777429455 4.036187270305350 
-1.349913314190487 0.653547507429800 -0.786356672223241 1.721256952830234 0.000000000000002 -10.141415936319671 
0.499999999999999 -0.237781177984231 0.269700610832039 -0.484951047853569 1.786364948339094 7.499999999999998 
******************************************
Quadrature Differentiation Matrix
6 6
-7.500000000000004 10.141415936319667 -4.036187270305343 2.244684648176166 -1.349913314190487 0.499999999999999 
-1.786364948339097 0.000000000000002 2.523426777429454 -1.152828158535928 0.653547507429800 -0.237781177984231 
0.484951047853570 -1.721256952830235 0.000000000000001 1.752961966367866 -0.786356672223241 0.269700610832039 
-0.269700610832039 0.786356672223241 -1.752961966367865 -0.000000000000001 1.721256952830234 -0.484951047853569 
0.237781177984232 -0.653547507429801 1.152828158535929 -2.523426777429455 0.000000000000002 1.786364948339094 
-0.500000000000000 1.349913314190486 -2.244684648176168 4.036187270305350 -10.141415936319671 7.499999999999998 
******************************************
Quadrature Projection Matrix
5 6
1.000000000000000 0.185197077006326 -0.111374219181803 0.061939643345906 -0.024651390059318 0.000000000000000 
-0.000000000000000 0.919604196669608 0.502810010947702 -0.197629625344964 0.071511714023950 -0.000000000000000 
0.000000000000000 -0.151661597640566 0.744254190233158 0.744254190233158 -0.151661597640565 -0.000000000000000 
-0.000000000000000 0.071511714023950 -0.197629625344964 0.502810010947702 0.919604196669608 0.000000000000000 
-0.000000000000000 -0.024651390059318 0.061939643345906 -0.111374219181803 0.185197077006325 1.000000000000000 
******************************************
1D degree raise matrix
6 5
1.000000000000000 -0.000000000000000 0.000000000000000 -0.000000000000000 -0.000000000000000 
0.185197077006326 0.919604196669608 -0.151661597640566 0.071511714023950 -0.024651390059318 
-0.111374219181803 0.502810010947702 0.744254190233158 -0.197629625344964 0.061939643345906 
0.061939643345906 -0.197629625344964 0.744254190233158 0.502810010947702 -0.111374219181803 
-0.024651390059318 0.071511714023950 -0.151661597640565 0.919604196669608 0.185197077006325 
0.000000000000000 -0.000000000000000 -0.000000000000000 0.000000000000000 1.000000000000000 
******************************************
1D degree lower matrix
4 5
1.000000000000000 -0.000000000000000 0.000000000000000 -0.000000000000000 -0.000000000000000 
-0.129442719099992 0.804857702411448 0.426666666666667 -0.151524369078115 0.049442719099992 
0.049442719099992 -0.151524369078115 0.426666666666667 0.804857702411448 -0.129442719099992 
0.000000000000000 -0.000000000000000 -0.000000000000000 0.000000000000000 1.000000000000000 
******************************************
SEMFEM reference mesh
64 8
0 1 6 5 25 26 31 30 
1 2 7 6 26 27 32 31 
2 3 8 7 27 28 33 32 
3 4 9 8 28 29 34 33 
5 6 11 10 30 31 36 35 
6 7 12 11 31 32 37 36 
7 8 13 12 32 33 38 37 
8 9 14 13 33 34 39 38 
10 11 16 15 35 36 41 40 
11 12 17 16 36 37 42 41 
12 13 18 17 37 38 43 42 
13 14 19 18 38 39 44 43 
15 16 21 20 40 41 46 45 
16 17 22 21 41 42 47 46 
17 18 23 22 42 43 48 47 
18 19 24 23 43 44 49 48 
25 26 31 30 50 51 56 55 
