******************************************
Nodal r-coordinates
125 1
-1.000000000000000 
-0.654653670707977 
-0.000000000000000 
0.654653670707977 
1.000000000000000 
-1.000000000000000 
-0.654653670707977 
-0.000000000000000 
0.654653670707977 
1.000000000000000 
-1.000000000000000 
-0.654653670707977 
-0.000000000000000 
0.654653670707977 
1.000000000000000 
-1.000000000000000 
-0.654653670707977 
-0.000000000000000 
0.654653670707977 
1.000000000000000 
-1.000000000000000 
-0.654653670707977 
-0.000000000000000 
0.654653670707977 
1.000000000000000 
-1.000000000000000 
-0.654653670707977 
-0.000000000000000 
0.654653670707977 
1.000000000000000 
-1.000000000000000 
-0.654653670707977 
-0.000000000000000 
0.654653670707977 
1.000000000000000 
-1.000000000000000 
-0.654653670707977 
-0.000000000000000 
0.654653670707977 
1.000000000000000 
-1.000000000000000 
-0.654653670707977 
-0.000000000000000 
0.654653670707977 
1.000000000000000 
-1.000000000000000 
-0.654653670707977 
-0.000000000000000 
0.654653670707977 
1.000000000000000 
-1.000000000000000 
-0.654653670707977 
-0.000000000000000 
0.654653670707977 
1.000000000000000 
-1.000000000000000 
-0.654653670707977 
-0.000000000000000 
0.654653670707977 
1.000000000000000 
-1.000000000000000 
-0.654653670707977 
-0.000000000000000 
0.654653670707977 
1.000000000000000 
-1.000000000000000 
-0.654653670707977 
-0.000000000000000 
0.654653670707977 
1.000000000000000 
-1.000000000000000 
-0.654653670707977 
-0.000000000000000 
0.654653670707977 
1.000000000000000 
-1.000000000000000 
-0.654653670707977 
-0.000000000000000 
0.654653670707977 
1.000000000000000 
-1.000000000000000 
-0.654653670707977 
-0.000000000000000 
0.654653670707977 
1.000000000000000 
-1.000000000000000 
-0.654653670707977 
-0.000000000000000 
0.654653670707977 
1.000000000000000 
-1.000000000000000 
-0.654653670707977 
-0.000000000000000 
0.654653670707977 
1.000000000000000 
-1.000000000000000 
-0.654653670707977 
-0.000000000000000 
0.654653670707977 
1.000000000000000 
-1.000000000000000 
-0.654653670707977 
-0.000000000000000 
0.654653670707977 
1.000000000000000 
-1.000000000000000 
-0.654653670707977 
-0.000000000000000 
0.654653670707977 
1.000000000000000 
-1.000000000000000 
-0.654653670707977 
-0.000000000000000 
0.654653670707977 
1.000000000000000 
-1.000000000000000 
-0.654653670707977 
-0.000000000000000 
0.654653670707977 
1.000000000000000 
-1.000000000000000 
-0.654653670707977 
-0.000000000000000 
0.654653670707977 
1.000000000000000 
******************************************
Nodal s-coordinates
125 1
-1.000000000000000 
-1.000000000000000 
-1.000000000000000 
-1.000000000000000 
-1.000000000000000 
-0.654653670707977 
-0.654653670707977 
-0.654653670707977 
-0.654653670707977 
-0.654653670707977 
-0.000000000000000 
-0.000000000000000 
-0.000000000000000 
-0.000000000000000 
-0.000000000000000 
0.654653670707977 
0.654653670707977 
0.654653670707977 
0.654653670707977 
0.654653670707977 
1.000000000000000 
1.000000000000000 
1.000000000000000 
1.000000000000000 
1.000000000000000 
-1.000000000000000 
-1.000000000000000 
-1.000000000000000 
-1.000000000000000 
-1.000000000000000 
-0.654653670707977 
-0.654653670707977 
-0.654653670707977 
-0.654653670707977 
-0.654653670707977 
-0.000000000000000 
-0.000000000000000 
-0.000000000000000 
-0.000000000000000 
-0.000000000000000 
0.654653670707977 
0.654653670707977 
0.654653670707977 
0.654653670707977 
0.654653670707977 
1.000000000000000 
1.000000000000000 
1.000000000000000 
1.000000000000000 
1.000000000000000 
-1.000000000000000 
-1.000000000000000 
-1.000000000000000 
-1.000000000000000 
-1.000000000000000 
-0.654653670707977 
-0.654653670707977 
-0.654653670707977 
-0.654653670707977 
-0.654653670707977 
-0.000000000000000 
-0.000000000000000 
-0.000000000000000 
-0.000000000000000 
-0.000000000000000 
0.654653670707977 
0.654653670707977 
0.654653670707977 
0.654653670707977 
0.654653670707977 
1.000000000000000 
1.000000000000000 
1.000000000000000 
1.000000000000000 
1.000000000000000 
-1.000000000000000 
-1.000000000000000 
-1.000000000000000 
-1.000000000000000 
-1.000000000000000 
-0.654653670707977 
-0.654653670707977 
-0.654653670707977 
-0.654653670707977 
-0.654653670707977 
-0.000000000000000 
-0.000000000000000 
-0.000000000000000 
-0.000000000000000 
-0.000000000000000 
0.654653670707977 
0.654653670707977 
0.654653670707977 
0.654653670707977 
0.654653670707977 
1.000000000000000 
1.000000000000000 
1.000000000000000 
1.000000000000000 
1.000000000000000 
-1.000000000000000 
-1.000000000000000 
-1.000000000000000 
-1.000000000000000 
-1.000000000000000 
-0.654653670707977 
-0.654653670707977 
-0.654653670707977 
-0.654653670707977 
-0.654653670707977 
-0.000000000000000 
-0.000000000000000 
-0.000000000000000 
-0.000000000000000 
-0.000000000000000 
0.654653670707977 
0.654653670707977 
0.654653670707977 
0.654653670707977 
0.654653670707977 
1.000000000000000 
1.000000000000000 
1.000000000000000 
1.000000000000000 
1.000000000000000 
******************************************
Nodal t-coordinates
125 1
-1.000000000000000 
-1.000000000000000 
-1.000000000000000 
-1.000000000000000 
-1.000000000000000 
-1.000000000000000 
-1.000000000000000 
-1.000000000000000 
-1.000000000000000 
-1.000000000000000 
-1.000000000000000 
-1.000000000000000 
-1.000000000000000 
-1.000000000000000 
-1.000000000000000 
-1.000000000000000 
-1.000000000000000 
-1.000000000000000 
-1.000000000000000 
-1.000000000000000 
-1.000000000000000 
-1.000000000000000 
-1.000000000000000 
-1.000000000000000 
-1.000000000000000 
-0.654653670707977 
-0.654653670707977 
-0.654653670707977 
-0.654653670707977 
-0.654653670707977 
-0.654653670707977 
-0.654653670707977 
-0.654653670707977 
-0.654653670707977 
-0.654653670707977 
-0.654653670707977 
-0.654653670707977 
-0.654653670707977 
-0.654653670707977 
-0.654653670707977 
-0.654653670707977 
-0.654653670707977 
-0.654653670707977 
-0.654653670707977 
-0.654653670707977 
-0.654653670707977 
-0.654653670707977 
-0.654653670707977 
-0.654653670707977 
-0.654653670707977 
-0.000000000000000 
-0.000000000000000 
-0.000000000000000 
-0.000000000000000 
-0.000000000000000 
-0.000000000000000 
-0.000000000000000 
-0.000000000000000 
-0.000000000000000 
-0.000000000000000 
-0.000000000000000 
-0.000000000000000 
-0.000000000000000 
-0.000000000000000 
-0.000000000000000 
-0.000000000000000 
-0.000000000000000 
-0.000000000000000 
-0.000000000000000 
-0.000000000000000 
-0.000000000000000 
-0.000000000000000 
-0.000000000000000 
-0.000000000000000 
-0.000000000000000 
0.654653670707977 
0.654653670707977 
0.654653670707977 
0.654653670707977 
0.654653670707977 
0.654653670707977 
0.654653670707977 
0.654653670707977 
0.654653670707977 
0.654653670707977 
0.654653670707977 
0.654653670707977 
0.654653670707977 
0.654653670707977 
0.654653670707977 
0.654653670707977 
0.654653670707977 
0.654653670707977 
0.654653670707977 
0.654653670707977 
0.654653670707977 
0.654653670707977 
0.654653670707977 
0.654653670707977 
0.654653670707977 
1.000000000000000 
1.000000000000000 
1.000000000000000 
1.000000000000000 
1.000000000000000 
1.000000000000000 
1.000000000000000 
1.000000000000000 
1.000000000000000 
1.000000000000000 
1.000000000000000 
1.000000000000000 
1.000000000000000 
1.000000000000000 
1.000000000000000 
1.000000000000000 
1.000000000000000 
1.000000000000000 
1.000000000000000 
1.000000000000000 
1.000000000000000 
1.000000000000000 
1.000000000000000 
1.000000000000000 
1.000000000000000 
******************************************
Nodal Face nodes
6 25
0 1 2 3 4 5 6 7 8 9 10 11 12 13 14 15 16 17 18 19 20 21 22 23 24 
0 1 2 3 4 25 26 27 28 29 50 51 52 53 54 75 76 77 78 79 100 101 102 103 104 
4 9 14 19 24 29 34 39 44 49 54 59 64 69 74 79 84 89 94 99 104 109 114 119 124 
20 21 22 23 24 45 46 47 48 49 70 71 72 73 74 95 96 97 98 99 120 121 122 123 124 
0 5 10 15 20 25 30 35 40 45 50 55 60 65 70 75 80 85 90 95 100 105 110 115 120 
100 101 102 103 104 105 106 107 108 109 110 111 112 113 114 115 116 117 118 119 120 121 122 123 124 
******************************************
Nodal 1D GLL Nodes
5 1
-1.000000000000000 
-0.654653670707977 
-0.000000000000000 
0.654653670707977 
1.000000000000000 
******************************************
Nodal 1D GLL Weights
5 1
0.100000000000000 
0.544444444444444 
0.711111111111111 
0.544444444444445 
0.100000000000000 
******************************************
Nodal 1D differentiation matrix
5 5
-5.000000000000000 6.756502488724239 -2.666666666666667 1.410164177942428 -0.500000000000001 
-1.240990253030983 0.000000000000000 1.745743121887938 -0.763762615825973 0.259009746969017 
0.375000000000000 -1.336584577695454 0.000000000000001 1.336584577695453 -0.375000000000000 
-0.259009746969018 0.763762615825973 -1.745743121887938 -0.000000000000001 1.240990253030984 
0.500000000000000 -1.410164177942427 2.666666666666665 -6.756502488724238 5.000000000000000 
******************************************
Plotting r-coordinates
8 1
-1.000000000000000 
-1.000000000000000 
1.000000000000000 
1.000000000000000 
-1.000000000000000 
-1.000000000000000 
1.000000000000000 
1.000000000000000 
******************************************
Plotting s-coordinates
8 1
-1.000000000000000 
1.000000000000000 
-1.000000000000000 
1.000000000000000 
-1.000000000000000 
1.000000000000000 
-1.000000000000000 
1.000000000000000 
******************************************
Plotting t-coordinates
8 1
-1.000000000000000 
-1.000000000000000 
-1.000000000000000 
-1.000000000000000 
1.000000000000000 
1.000000000000000 
1.000000000000000 
1.000000000000000 
******************************************
Plotting Interpolation Matrix
8 125
1.000000000000000 0.000000000000000 0.000000000000000 0.000000000000000 0.000000000000000 0.000000000000000 0.000000000000000 0.000000000000000 0.000000000000000 0.000000000000000 0.000000000000000 0.000000000000000 0.000000000000000 0.000000000000000 0.000000000000000 0.000000000000000 0.000000000000000 0.000000000000000 0.000000000000000 0.000000000000000 0.000000000000000 0.000000000000000 0.000000000000000 0.000000000000000 0.000000000000000 0.000000000000000 0.000000000000000 0.000000000000000 0.000000000000000 0.000000000000000 0.000000000000000 0.000000000000000 0.000000000000000 0.000000000000000 0.000000000000000 0.000000000000000 0.000000000000000 0.000000000000000 0.000000000000000 0.000000000000000 0.000000000000000 0.000000000000000 0.000000000000000 0.000000000000000 0.000000000000000 0.000000000000000 0.000000000000000 0.000000000000000 0.000000000000000 0.000000000000000 0.000000000000000 0.000000000000000 0.000000000000000 0.000000000000000 0.000000000000000 0.000000000000000 0.000000000000000 0.000000000000000 0.000000000000000 0.000000000000000 0.000000000000000 0.000000000000000 0.000000000000000 0.000000000000000 0.000000000000000 0.000000000000000 0.000000000000000 0.000000000000000 0.000000000000000 0.000000000000000 0.000000000000000 0.000000000000000 0.000000000000000 0.000000000000000 0.000000000000000 0.000000000000000 0.000000000000000 0.000000000000000 0.000000000000000 0.000000000000000 0.000000000000000 0.000000000000000 0.000000000000000 0.000000000000000 0.000000000000000 0.000000000000000 0.000000000000000 0.000000000000000 0.000000000000000 0.000000000000000 0.000000000000000 0.000000000000000 0.000000000000000 0.000000000000000 0.000000000000000 0.000000000000000 0.000000000000000 0.000000000000000 0.000000000000000 0.000000000000000 0.000000000000000 0.000000000000000 0.000000000000000 0.000000000000000 0.000000000000000 0.000000000000000 0.000000000000000 0.000000000000000 0.000000000000000 0.000000000000000 0.000000000000000 0.000000000000000 0.000000000000000 0.000000000000000 0.000000000000000 0.000000000000000 0.000000000000000 0.000000000000000 0.000000000000000 0.000000000000000 0.000000000000000 0.000000000000000 0.000000000000000 0.000000000000000 0.000000000000000 
0.000000000000000 0.000000000000000 0.000000000000000 0.000000000000000 0.000000000000000 0.000000000000000 0.000000000000000 0.000000000000000 0.000000000000000 0.000000000000000 0.000000000000000 0.000000000000000 0.000000000000000 0.000000000000000 0.000000000000000 0.000000000000000 0.000000000000000 0.000000000000000 0.000000000000000 0.000000000000000 1.000000000000000 0.000000000000000 0.000000000000000 0.000000000000000 0.000000000000000 0.000000000000000 0.000000000000000 0.000000000000000 0.000000000000000 0.000000000000000 0.000000000000000 0.000000000000000 0.000000000000000 0.000000000000000 0.000000000000000 0.000000000000000 0.000000000000000 0.000000000000000 0.000000000000000 0.000000000000000 0.000000000000000 0.000000000000000 0.000000000000000 0.000000000000000 0.000000000000000 0.000000000000000 0.000000000000000 0.000000000000000 0.000000000000000 0.000000000000000 0.000000000000000 0.000000000000000 0.000000000000000 0.000000000000000 0.000000000000000 0.000000000000000 0.000000000000000 0.000000000000000 0.000000000000000 0.000000000000000 0.000000000000000 0.000000000000000 0.000000000000000 0.000000000000000 0.000000000000000 0.000000000000000 0.000000000000000 0.000000000000000 0.000000000000000 0.000000000000000 0.000000000000000 0.000000000000000 0.000000000000000 0.000000000000000 0.000000000000000 0.000000000000000 0.000000000000000 0.000000000000000 0.000000000000000 0.000000000000000 0.000000000000000 0.000000000000000 0.000000000000000 0.000000000000000 0.000000000000000 0.000000000000000 0.000000000000000 0.000000000000000 0.000000000000000 0.000000000000000 0.000000000000000 0.000000000000000 0.000000000000000 0.000000000000000 0.000000000000000 0.000000000000000 0.000000000000000 0.000000000000000 0.000000000000000 0.000000000000000 0.000000000000000 0.000000000000000 0.000000000000000 0.000000000000000 0.000000000000000 0.000000000000000 0.000000000000000 0.000000000000000 0.000000000000000 0.000000000000000 0.000000000000000 0.000000000000000 0.000000000000000 0.000000000000000 0.000000000000000 0.000000000000000 0.000000000000000 0.000000000000000 0.000000000000000 0.000000000000000 0.000000000000000 0.000000000000000 0.000000000000000 0.000000000000000 0.000000000000000 
0.000000000000000 0.000000000000000 0.000000000000000 0.000000000000000 1.000000000000000 0.000000000000000 0.000000000000000 0.000000000000000 0.000000000000000 0.000000000000000 0.000000000000000 0.000000000000000 0.000000000000000 0.000000000000000 0.000000000000000 0.000000000000000 0.000000000000000 0.000000000000000 0.000000000000000 0.000000000000000 0.000000000000000 0.000000000000000 0.000000000000000 0.000000000000000 0.000000000000000 0.000000000000000 0.000000000000000 0.000000000000000 0.000000000000000 0.000000000000000 0.000000000000000 0.000000000000000 0.000000000000000 0.000000000000000 0.000000000000000 0.000000000000000 0.000000000000000 0.000000000000000 0.000000000000000 0.000000000000000 0.000000000000000 0.000000000000000 0.000000000000000 0.000000000000000 0.000000000000000 0.000000000000000 0.000000000000000 0.000000000000000 0.000000000000000 0.000000000000000 0.000000000000000 0.000000000000000 0.000000000000000 0.000000000000000 0.000000000000000 0.000000000000000 0.000000000000000 0.000000000000000 0.000000000000000 0.000000000000000 0.000000000000000 0.000000000000000 0.000000000000000 0.000000000000000 0.000000000000000 0.000000000000000 0.000000000000000 0.000000000000000 0.000000000000000 0.000000000000000 0.000000000000000 0.000000000000000 0.000000000000000 0.000000000000000 0.000000000000000 0.000000000000000 0.000000000000000 0.000000000000000 0.000000000000000 0.000000000000000 0.000000000000000 0.000000000000000 0.000000000000000 0.000000000000000 0.000000000000000 0.000000000000000 0.000000000000000 0.000000000000000 0.000000000000000 0.000000000000000 0.000000000000000 0.000000000000000 0.000000000000000 0.000000000000000 0.000000000000000 0.000000000000000 0.000000000000000 0.000000000000000 0.000000000000000 0.000000000000000 0.000000000000000 0.000000000000000 0.000000000000000 0.000000000000000 0.000000000000000 0.000000000000000 0.000000000000000 0.000000000000000 0.000000000000000 0.000000000000000 0.000000000000000 0.000000000000000 0.000000000000000 0.000000000000000 0.000000000000000 0.000000000000000 0.000000000000000 0.000000000000000 0.000000000000000 0.000000000000000 0.000000000000000 0.000000000000000 0.000000000000000 0.000000000000000 0.000000000000000 
0.000000000000000 0.000000000000000 -0.000000000000000 0.000000000000000 -0.000000000000000 -0.000000000000000 0.000000000000000 -0.000000000000000 -0.000000000000000 0.000000000000000 0.000000000000000 -0.000000000000000 0.000000000000000 0.000000000000000 -0.000000000000000 -0.000000000000000 0.000000000000000 -0.000000000000000 0.000000000000000 -0.000000000000000 0.000000000000000 -0.000000000000000 0.000000000000000 0.000000000000000 1.000000000000000 -0.000000000000000 0.000000000000000 0.000000000000000 -0.000000000000000 0.000000000000000 0.000000000000000 -0.000000000000000 0.000000000000000 0.000000000000000 -0.000000000000000 -0.000000000000000 0.000000000000000 -0.000000000000000 -0.000000000000000 0.000000000000000 -0.000000000000000 0.000000000000000 0.000000000000000 -0.000000000000000 0.000000000000000 -0.000000000000000 0.000000000000000 -0.000000000000000 -0.000000000000000 0.000000000000000 -0.000000000000000 0.000000000000000 -0.000000000000000 0.000000000000000 -0.000000000000000 -0.000000000000000 0.000000000000000 -0.000000000000000 -0.000000000000000 0.000000000000000 -0.000000000000000 -0.000000000000000 0.000000000000000 0.000000000000000 -0.000000000000000 0.000000000000000 -0.000000000000000 -0.000000000000000 0.000000000000000 0.000000000000000 0.000000000000000 -0.000000000000000 0.000000000000000 0.000000000000000 -0.000000000000000 -0.000000000000000 -0.000000000000000 -0.000000000000000 0.000000000000000 0.000000000000000 -0.000000000000000 0.000000000000000 0.000000000000000 -0.000000000000000 0.000000000000000 0.000000000000000 0.000000000000000 -0.000000000000000 -0.000000000000000 0.000000000000000 -0.000000000000000 -0.000000000000000 0.000000000000000 0.000000000000000 -0.000000000000000 -0.000000000000000 0.000000000000000 -0.000000000000000 -0.000000000000000 0.000000000000000 -0.000000000000000 0.000000000000000 -0.000000000000000 -0.000000000000000 -0.000000000000000 0.000000000000000 -0.000000000000000 0.000000000000000 0.000000000000000 0.000000000000000 -0.000000000000000 0.000000000000000 0.000000000000000 0.000000000000000 -0.000000000000000 0.000000000000000 0.000000000000000 -0.000000000000000 -0.000000000000000 -0.000000000000000 0.000000000000000 -0.000000000000000 0.000000000000000 0.000000000000000 -0.000000000000000 
0.000000000000000 0.000000000000000 0.000000000000000 0.000000000000000 0.000000000000000 0.000000000000000 0.000000000000000 0.000000000000000 0.000000000000000 0.000000000000000 0.000000000000000 0.000000000000000 0.000000000000000 0.000000000000000 0.000000000000000 0.000000000000000 0.000000000000000 0.000000000000000 0.000000000000000 0.000000000000000 0.000000000000000 0.000000000000000 0.000000000000000 0.000000000000000 0.000000000000000 0.000000000000000 0.000000000000000 0.000000000000000 0.000000000000000 0.000000000000000 0.000000000000000 0.000000000000000 0.000000000000000 0.000000000000000 0.000000000000000 0.000000000000000 0.000000000000000 0.000000000000000 0.000000000000000 0.000000000000000 0.000000000000000 0.000000000000000 0.000000000000000 0.000000000000000 0.000000000000000 0.000000000000000 0.000000000000000 0.000000000000000 0.000000000000000 0.000000000000000 0.000000000000000 0.000000000000000 0.000000000000000 0.000000000000000 0.000000000000000 0.000000000000000 0.000000000000000 0.000000000000000 0.000000000000000 0.000000000000000 0.000000000000000 0.000000000000000 0.000000000000000 0.000000000000000 0.000000000000000 0.000000000000000 0.000000000000000 0.000000000000000 0.000000000000000 0.000000000000000 0.000000000000000 0.000000000000000 0.000000000000000 0.000000000000000 0.000000000000000 0.000000000000000 0.000000000000000 0.000000000000000 0.000000000000000 0.000000000000000 0.000000000000000 0.000000000000000 0.000000000000000 0.000000000000000 0.000000000000000 0.000000000000000 0.000000000000000 0.000000000000000 0.000000000000000 0.000000000000000 0.000000000000000 0.000000000000000 0.000000000000000 0.000000000000000 0.000000000000000 0.000000000000000 0.000000000000000 0.000000000000000 0.000000000000000 0.000000000000000 1.000000000000000 0.000000000000000 0.000000000000000 0.000000000000000 0.000000000000000 0.000000000000000 0.000000000000000 0.000000000000000 0.000000000000000 0.000000000000000 0.000000000000000 0.000000000000000 0.000000000000000 0.000000000000000 0.000000000000000 0.000000000000000 0.000000000000000 0.000000000000000 0.000000000000000 0.000000000000000 0.000000000000000 0.000000000000000 0.000000000000000 0.000000000000000 0.000000000000000 
-0.000000000000001 0.000000000000000 -0.000000000000000 0.000000000000000 0.000000000000000 -0.000000000000000 0.000000000000000 0.000000000000000 -0.000000000000000 -0.000000000000000 -0.000000000000000 -0.000000000000000 -0.000000000000000 0.000000000000000 0.000000000000000 0.000000000000000 0.000000000000000 -0.000000000000000 0.000000000000000 -0.000000000000000 0.000000000000000 -0.000000000000000 0.000000000000000 -0.000000000000000 0.000000000000000 -0.000000000000000 -0.000000000000000 0.000000000000000 0.000000000000000 -0.000000000000000 0.000000000000000 0.000000000000000 -0.000000000000000 0.000000000000000 0.000000000000000 -0.000000000000000 0.000000000000000 0.000000000000000 0.000000000000000 -0.000000000000000 -0.000000000000000 -0.000000000000000 0.000000000000000 -0.000000000000000 0.000000000000000 0.000000000000000 0.000000000000000 -0.000000000000000 0.000000000000000 -0.000000000000000 -0.000000000000000 0.000000000000000 0.000000000000000 -0.000000000000000 0.000000000000000 -0.000000000000000 -0.000000000000000 0.000000000000000 -0.000000000000000 -0.000000000000000 0.000000000000000 -0.000000000000000 -0.000000000000000 -0.000000000000000 0.000000000000000 0.000000000000000 0.000000000000000 -0.000000000000000 0.000000000000000 -0.000000000000000 -0.000000000000000 -0.000000000000000 0.000000000000000 -0.000000000000000 0.000000000000000 0.000000000000000 0.000000000000000 -0.000000000000000 0.000000000000000 -0.000000000000000 0.000000000000000 0.000000000000000 -0.000000000000000 -0.000000000000000 0.000000000000000 -0.000000000000000 0.000000000000000 -0.000000000000000 0.000000000000000 -0.000000000000000 -0.000000000000000 -0.000000000000000 0.000000000000000 -0.000000000000000 0.000000000000000 -0.000000000000000 0.000000000000000 -0.000000000000000 0.000000000000000 -0.000000000000000 0.000000000000000 -0.000000000000000 0.000000000000000 -0.000000000000000 0.000000000000000 -0.000000000000000 -0.000000000000000 0.000000000000000 0.000000000000000 -0.000000000000000 0.000000000000000 -0.000000000000000 0.000000000000000 -0.000000000000000 0.000000000000000 0.000000000000000 0.000000000000000 -0.000000000000000 0.000000000000000 -0.000000000000000 1.000000000000000 -0.000000000000000 -0.000000000000000 -0.000000000000000 0.000000000000000 
-0.000000000000000 -0.000000000000000 0.000000000000000 0.000000000000000 0.000000000000000 0.000000000000000 0.000000000000000 -0.000000000000000 -0.000000000000000 -0.000000000000000 -0.000000000000000 -0.000000000000000 0.000000000000000 0.000000000000000 0.000000000000000 0.000000000000000 -0.000000000000000 -0.000000000000000 0.000000000000000 -0.000000000000000 -0.000000000000000 -0.000000000000000 0.000000000000000 -0.000000000000000 0.000000000000000 0.000000000000000 -0.000000000000000 -0.000000000000000 -0.000000000000000 0.000000000000000 -0.000000000000000 -0.000000000000000 0.000000000000000 0.000000000000000 0.000000000000000 0.000000000000000 -0.000000000000000 -0.000000000000000 -0.000000000000000 -0.000000000000000 -0.000000000000000 0.000000000000000 0.000000000000000 -0.000000000000000 0.000000000000000 0.000000000000000 -0.000000000000000 -0.000000000000000 0.000000000000000 -0.000000000000000 -0.000000000000000 -0.000000000000000 0.000000000000000 0.000000000000000 -0.000000000000000 0.000000000000000 0.000000000000000 -0.000000000000000 -0.000000000000000 0.000000000000000 -0.000000000000000 0.000000000000000 0.000000000000000 0.000000000000000 -0.000000000000000 0.000000000000000 -0.000000000000000 -0.000000000000000 -0.000000000000000 0.000000000000000 -0.000000000000000 0.000000000000000 0.000000000000000 -0.000000000000000 -0.000000000000000 0.000000000000000 0.000000000000000 0.000000000000000 -0.000000000000000 0.000000000000000 0.000000000000000 0.000000000000000 0.000000000000000 0.000000000000000 -0.000000000000000 -0.000000000000000 -0.000000000000000 -0.000000000000000 -0.000000000000000 0.000000000000000 0.000000000000000 -0.000000000000000 0.000000000000000 0.000000000000000 -0.000000000000000 -0.000000000000000 0.000000000000000 -0.000000000000000 -0.000000000000000 0.000000000000000 0.000000000000000 -0.000000000000000 -0.000000000000000 0.000000000000000 1.000000000000000 0.000000000000000 -0.000000000000000 0.000000000000000 -0.000000000000000 0.000000000000000 0.000000000000000 0.000000000000000 0.000000000000000 0.000000000000000 -0.000000000000000 0.000000000000000 0.000000000000000 -0.000000000000000 -0.000000000000000 0.000000000000000 -0.000000000000000 0.000000000000000 0.000000000000000 0.000000000000000 -0.000000000000000 
0.000000000000000 0.000000000000000 -0.000000000000000 -0.000000000000000 -0.000000000000000 0.000000000000000 -0.000000000000000 -0.000000000000000 0.000000000000000 -0.000000000000000 -0.000000000000000 -0.000000000000000 0.000000000000000 0.000000000000000 0.000000000000000 -0.000000000000000 0.000000000000000 -0.000000000000000 -0.000000000000000 0.000000000000000 0.000000000000000 -0.000000000000000 0.000000000000000 0.000000000000000 0.000000000000000 0.000000000000000 -0.000000000000000 0.000000000000000 0.000000000000000 -0.000000000000000 -0.000000000000000 0.000000000000000 0.000000000000000 -0.000000000000000 0.000000000000000 0.000000000000000 0.000000000000000 0.000000000000000 0.000000000000000 -0.000000000000000 0.000000000000000 -0.000000000000000 0.000000000000000 0.000000000000000 -0.000000000000000 -0.000000000000000 0.000000000000000 -0.000000000000000 -0.000000000000000 0.000000000000000 0.000000000000000 -0.000000000000000 0.000000000000000 0.000000000000000 -0.000000000000000 0.000000000000000 0.000000000000000 0.000000000000000 -0.000000000000000 0.000000000000000 -0.000000000000000 -0.000000000000000 -0.000000000000000 0.000000000000000 -0.000000000000000 0.000000000000000 0.000000000000000 -0.000000000000000 0.000000000000000 0.000000000000000 -0.000000000000000 0.000000000000000 0.000000000000000 -0.000000000000000 0.000000000000000 -0.000000000000000 0.000000000000000 -0.000000000000000 -0.000000000000000 0.000000000000000 0.000000000000000 -0.000000000000000 -0.000000000000000 0.000000000000000 -0.000000000000000 -0.000000000000000 0.000000000000000 0.000000000000000 -0.000000000000000 0.000000000000000 -0.000000000000000 0.000000000000000 0.000000000000000 -0.000000000000000 0.000000000000000 0.000000000000000 -0.000000000000000 0.000000000000000 0.000000000000000 -0.000000000000000 0.000000000000000 -0.000000000000000 0.000000000000000 0.000000000000000 -0.000000000000000 -0.000000000000000 0.000000000000000 0.000000000000000 -0.000000000000000 0.000000000000000 0.000000000000000 0.000000000000000 -0.000000000000000 -0.000000000000000 -0.000000000000000 0.000000000000000 -0.000000000000000 -0.000000000000000 0.000000000000000 -0.000000000000000 -0.000000000000000 0.000000000000000 -0.000000000000000 -0.000000000000000 1.000000000000000 
******************************************
Plotting triangulation
6 4
4 0 1 2 
5 4 1 2 
5 6 4 2 
5 3 6 2 
5 1 3 2 
5 7 6 3 
******************************************
C0 overlapping patch forward matrix
7 7
-0.615708510156498 2.841685316271924 -0.709873599979435 0.263553881093114 -0.709873599979402 2.841685316271766 -0.615708510156463 
-0.669315403891538 2.932442217729651 -0.617288125129660 -0.000000000000005 0.617288125129689 -2.932442217729778 0.669315403891565 
-0.681878232622426 0.314681158180906 0.862567241903616 -0.790249725945486 0.862567241903615 0.314681158180902 -0.681878232622423 
-0.945048496433241 -0.076187287641271 0.891746890858807 0.000000000000001 -0.891746890858809 0.076187287641272 0.945048496433239 
-0.979205760526231 -0.782127480861730 -0.049777031394400 1.035401170127302 -0.049777031394402 -0.782127480861729 -0.979205760526231 
-0.906544150582608 -1.134197648360991 -0.996326619622030 -0.000000000000001 0.996326619622027 1.134197648360989 0.906544150582605 
0.453956885954685 0.694563679742192 0.874183280449748 1.016870742464569 0.874183280449752 0.694563679742195 0.453956885954687 
******************************************
C0 overlapping patch diagonal scaling
7 1
44.836580914114961 
43.154455561592719 
14.983376168942224 
11.087275407722355 
5.926201211963680 
2.674935697351571 
0.670508371645755 
******************************************
C0 overlapping patch backward matrix
7 7
-0.145180977051049 -0.154134688932145 -0.378791812998347 -0.513411106372024 -0.476774665450128 -0.364024444944424 0.228717299389283 
0.670055137914395 0.675303551081117 0.174809285178881 -0.041389833206461 -0.380817375733989 -0.455439119138918 0.349942327123055 
-0.167384632708041 -0.142153478905716 0.479166798061695 0.484454247128657 -0.024236405101837 -0.400076757936364 0.440440150291476 
0.062144682640441 -0.000000000000001 -0.438993521264216 0.000000000000000 0.504136174841155 -0.000000000000001 0.512330437625941 
-0.167384632708034 0.142153478905725 0.479166798061694 -0.484454247128658 -0.024236405101837 0.400076757936363 0.440440150291477 
0.670055137914365 -0.675303551081153 0.174809285178880 0.041389833206462 -0.380817375733989 0.455439119138917 0.349942327123057 
-0.145180977051043 0.154134688932152 -0.378791812998346 0.513411106372026 -0.476774665450129 0.364024444944423 0.228717299389285 
******************************************
IPDG overlapping patch forward matrix
7 7
-4.973159182988271 5.025567863402295 0.033885768134266 0.000000000000003 -0.033885768134273 -5.025567863402682 4.973159182988655 
5.027636214842648 -4.960433301499915 -0.091142989322130 0.072523132894804 -0.091142989322127 -4.960433301499519 5.027636214842254 
4.048860118640331 4.241867657678017 -1.154117114298353 0.436695983949258 -1.154117114298363 4.241867657678067 4.048860118640375 
-4.390501631368219 -4.383263786675724 1.050067624567542 0.000000000000001 -1.050067624567544 4.383263786675749 4.390501631368242 
-1.123417226070418 -0.964812831388745 -1.046626449893683 1.329726744390994 -1.046626449893682 -0.964812831388743 -1.123417226070415 
-0.426670336651719 -0.410255839088403 -0.851102229958500 -1.210889274750859 -0.851102229958514 -0.410255839088411 -0.426670336651727 
1.029024733445272 0.962201305199831 1.527980350745331 -0.000000000000001 -1.527980350745339 -0.962201305199835 -1.029024733445276 
******************************************
IPDG overlapping patch diagonal scaling
7 1
439.816149807766749 
430.792651287975445 
41.162777314769379 
39.227191988700184 
11.558997847565385 
1.485573549689810 
5.956658203533005 
******************************************
IPDG overlapping patch backward matrix
7 7
-0.497366687832567 0.503297594999245 0.478399891480619 -0.493394850864954 -0.388893642759588 -0.224385708476817 0.350103724188782 
0.502608090898925 -0.496570166200302 0.501205022560716 -0.492581477906128 -0.333989516871128 -0.215753332732256 0.327368477569916 
0.003388922743365 -0.009123979016510 -0.136366652849857 0.118004274345336 -0.362310959153992 -0.447594220760944 0.519862734000720 
0.000000000000000 0.007260015802259 0.051598550013998 -0.000000000000000 0.460311864105815 -0.636806040781157 0.000000000000003 
-0.003388922743365 -0.009123979016510 -0.136366652849856 -0.118004274345334 -0.362310959153990 -0.447594220760942 -0.519862734000717 
-0.502608090898964 -0.496570166200264 0.501205022560713 0.492581477906123 -0.333989516871126 -0.215753332732254 -0.327368477569914 
0.497366687832607 0.503297594999207 0.478399891480617 0.493394850864949 -0.388893642759586 -0.224385708476815 -0.350103724188780 
******************************************
Gauss Legendre 1D quadrature nodes
6 1
-0.932469514203152 
-0.661209386466264 
-0.238619186083197 
0.238619186083197 
0.661209386466265 
0.932469514203152 
******************************************
Gauss Legendre 1D quadrature weights
6 1
0.171324492379170 
0.360761573048139 
0.467913934572691 
0.467913934572691 
0.360761573048138 
0.171324492379170 
******************************************
GLL to Gauss Legendre interpolation matrix
6 5
0.695221175704236 0.394314403846745 -0.134263188280018 0.069022234536328 -0.024294625807291 
0.008290910921566 0.999747411777814 -0.011328263453256 0.004980806950971 -0.001690866197094 
-0.096109138387809 0.410406346111628 0.817767760273219 -0.191143379532023 0.059078411534986 
0.059078411534986 -0.191143379532023 0.817767760273219 0.410406346111627 -0.096109138387809 
-0.001690866197094 0.004980806950970 -0.011328263453256 0.999747411777814 0.008290910921566 
-0.024294625807291 0.069022234536328 -0.134263188280018 0.394314403846744 0.695221175704237 
******************************************
GLL to Gauss Legendre differentiation matrix
6 5
-4.045819650335855 4.963693724096331 -1.350832236853071 0.663905990107575 -0.230947827014980 
-1.288514957558639 0.077347295585676 1.709988885943853 -0.755594993355494 0.256773769384604 
0.356945530869800 -1.971675836409686 1.463984762476768 0.244869653366531 -0.094124110303412 
0.094124110303413 -0.244869653366533 -1.463984762476766 1.971675836409686 -0.356945530869800 
-0.256773769384604 0.755594993355494 -1.709988885943851 -0.077347295585679 1.288514957558640 
0.230947827014982 -0.663905990107577 1.350832236853074 -4.963693724096335 4.045819650335857 
******************************************
Gauss Legendre to Gauss Legendre differentiation matrix
6 6
-7.145327131771608 11.109283694894053 -6.402816680808855 3.793561028968053 -1.890911470859322 0.536210559577678 
-1.223325472251408 -1.174852281034098 3.488553796847059 -1.638343894637413 0.756190111988844 -0.208222260912984 
0.324412318140670 -1.605150401681950 -0.253026278709328 2.095388925791030 -0.753833397365751 0.192208833825329 
-0.192208833825329 0.753833397365754 -2.095388925791034 0.253026278709334 1.605150401681945 -0.324412318140670 
0.208222260912985 -0.756190111988847 1.638343894637418 -3.488553796847059 1.174852281034094 1.223325472251409 
-0.536210559577678 1.890911470859330 -3.793561028968061 6.402816680808853 -11.109283694894046 7.145327131771603 
******************************************
Quadrature r-coordinates
6 1
-0.932469514203152 
-0.661209386466264 
-0.238619186083197 
0.238619186083197 
0.661209386466265 
0.932469514203152 
******************************************
Quadrature weights
6 1
0.171324492379170 
0.360761573048139 
0.467913934572691 
0.467913934572691 
0.360761573048138 
0.171324492379170 
******************************************
Quadrature Interpolation Matrix
6 5
0.695221175704236 0.394314403846745 -0.134263188280018 0.069022234536328 -0.024294625807291 
0.008290910921566 0.999747411777814 -0.011328263453256 0.004980806950971 -0.001690866197094 
-0.096109138387809 0.410406346111628 0.817767760273219 -0.191143379532023 0.059078411534986 
0.059078411534986 -0.191143379532023 0.817767760273219 0.410406346111627 -0.096109138387809 
-0.001690866197094 0.004980806950970 -0.011328263453256 0.999747411777814 0.008290910921566 
-0.024294625807291 0.069022234536328 -0.134263188280018 0.394314403846744 0.695221175704237 
******************************************
Quadrature Weak D Differentiation Matrix
6 6
-7.145327131771608 -1.223325472251408 0.324412318140670 -0.192208833825329 0.208222260912985 -0.536210559577678 
11.109283694894053 -1.174852281034098 -1.605150401681950 0.753833397365754 -0.756190111988847 1.890911470859330 
-6.402816680808855 3.488553796847059 -0.253026278709328 -2.095388925791034 1.638343894637418 -3.793561028968061 
3.793561028968053 -1.638343894637413 2.095388925791030 0.253026278709334 -3.488553796847059 6.402816680808853 
-1.890911470859322 0.756190111988844 -0.753833397365751 1.605150401681945 1.174852281034094 -11.109283694894046 
0.536210559577678 -0.208222260912984 0.192208833825329 -0.324412318140670 1.223325472251409 7.145327131771603 
******************************************
Quadrature Projection Matrix
5 6
0.695221175704236 0.008290910921566 -0.096109138387809 0.059078411534986 -0.001690866197094 -0.024294625807291 
0.394314403846745 0.999747411777814 0.410406346111628 -0.191143379532023 0.004980806950970 0.069022234536328 
-0.134263188280018 -0.011328263453256 0.817767760273219 0.817767760273219 -0.011328263453256 -0.134263188280018 
0.069022234536328 0.004980806950971 -0.191143379532023 0.410406346111627 0.999747411777814 0.394314403846744 
-0.024294625807291 -0.001690866197094 0.059078411534986 -0.096109138387809 0.008290910921566 0.695221175704237 
******************************************
1D degree raise matrix
6 5
1.000000000000000 0.000000000000000 -0.000000000000000 0.000000000000000 0.000000000000000 
0.185197077006326 0.919604196669608 -0.151661597640566 0.071511714023950 -0.024651390059318 
-0.111374219181803 0.502810010947702 0.744254190233158 -0.197629625344963 0.061939643345906 
0.061939643345906 -0.197629625344964 0.744254190233158 0.502810010947702 -0.111374219181803 
-0.024651390059318 0.071511714023950 -0.151661597640565 0.919604196669608 0.185197077006325 
0.000000000000000 0.000000000000000 -0.000000000000000 0.000000000000000 1.000000000000000 
******************************************
1D degree lower matrix
4 5
1.000000000000000 0.000000000000000 -0.000000000000000 0.000000000000000 0.000000000000000 
-0.129442719099992 0.804857702411448 0.426666666666667 -0.151524369078115 0.049442719099992 
0.049442719099992 -0.151524369078115 0.426666666666667 0.804857702411448 -0.129442719099992 
0.000000000000000 0.000000000000000 -0.000000000000000 0.000000000000000 1.000000000000000 
******************************************
SEMFEM reference mesh
64 8
0 1 6 5 25 26 31 30 
1 2 7 6 26 27 32 31 
2 3 8 7 27 28 33 32 
3 4 9 8 28 29 34 33 
5 6 11 10 30 31 36 35 
6 7 12 11 31 32 37 36 
7 8 13 12 32 33 38 37 
8 9 14 13 33 34 39 38 
10 11 16 15 35 36 41 40 
11 12 17 16 36 37 42 41 
12 13 18 17 37 38 43 42 
13 14 19 18 38 39 44 43 
15 16 21 20 40 41 46 45 
16 17 22 21 41 42 47 46 
17 18 23 22 42 43 48 47 
18 19 24 23 43 44 49 48 
25 26 31 30 50 51 56 55 
26 27 32 31 51 52 57 56 
27 28 33 32 52 53 58 57 
28 29 34 33 53 54 59 58 
30 31 36 35 55 56 61 60 
31 32 37 36 56 57 62 61 
32 33 38 37 57 58 63 62 
33 34 39 38 58 59 64 63 
35 36 41 40 60 61 66 65 
36 37 42 41 61 62 67 66 
37 38 43 42 62 63 68 67 
38 39 44 43 63 64 69 68 
40 41 46 45 65 66 71 70 
41 42 47 46 66 67 72 71 
42 43 48 47 67 68 73 72 
43 44 49 48 68 69 74 73 
50 51 56 55 75 76 81 80 
51 52 57 56 76 77 82 81 
52 53 58 57 77 78 83 82 
53 54 59 58 78 79 84 83 
55 56 61 60 80 81 86 85 
56 57 62 61 81 82 87 86 
57 58 63 62 82 83 88 87 
58 59 64 63 83 84 89 88 
60 61 66 65 85 86 91 90 
61 62 67 66 86 87 92 91 
62 63 68 67 87 88 93 92 
63 64 69 68 88 89 94 93 
65 66 71 70 90 91 96 95 
66 67 72 71 91 92 97 96 
67 68 73 72 92 93 98 97 
68 69 74 73 93 94 99 98 
75 76 81 80 100 101 106 105 
76 77 82 81 101 102 107 106 
77 78 83 82 102 103 108 107 
78 79 84 83 103 104 109 108 
80 81 86 85 105 106 111 110 
81 82 87 86 106 107 112 111 
82 83 88 87 107 108 113 112 
83 84 89 88 108 109 114 113 
