******************************************
Nodal r-coordinates
64 1
-1.000000000000000 
-0.447213595499958 
0.447213595499958 
1.000000000000000 
-1.000000000000000 
-0.447213595499958 
0.447213595499958 
1.000000000000000 
-1.000000000000000 
-0.447213595499958 
0.447213595499958 
1.000000000000000 
-1.000000000000000 
-0.447213595499958 
0.447213595499958 
1.000000000000000 
-1.000000000000000 
-0.447213595499958 
0.447213595499958 
1.000000000000000 
-1.000000000000000 
-0.447213595499958 
0.447213595499958 
1.000000000000000 
-1.000000000000000 
-0.447213595499958 
0.447213595499958 
1.000000000000000 
-1.000000000000000 
-0.447213595499958 
0.447213595499958 
1.000000000000000 
-1.000000000000000 
-0.447213595499958 
0.447213595499958 
1.000000000000000 
-1.000000000000000 
-0.447213595499958 
0.447213595499958 
1.000000000000000 
-1.000000000000000 
-0.447213595499958 
0.447213595499958 
1.000000000000000 
-1.000000000000000 
-0.447213595499958 
0.447213595499958 
1.000000000000000 
-1.000000000000000 
-0.447213595499958 
0.447213595499958 
1.000000000000000 
-1.000000000000000 
-0.447213595499958 
0.447213595499958 
1.000000000000000 
-1.000000000000000 
-0.447213595499958 
0.447213595499958 
1.000000000000000 
-1.000000000000000 
-0.447213595499958 
0.447213595499958 
1.000000000000000 
******************************************
Nodal s-coordinates
64 1
-1.000000000000000 
-1.000000000000000 
-1.000000000000000 
-1.000000000000000 
-0.447213595499958 
-0.447213595499958 
-0.447213595499958 
-0.447213595499958 
0.447213595499958 
0.447213595499958 
0.447213595499958 
0.447213595499958 
1.000000000000000 
1.000000000000000 
1.000000000000000 
1.000000000000000 
-1.000000000000000 
-1.000000000000000 
-1.000000000000000 
-1.000000000000000 
-0.447213595499958 
-0.447213595499958 
-0.447213595499958 
-0.447213595499958 
0.447213595499958 
0.447213595499958 
0.447213595499958 
0.447213595499958 
1.000000000000000 
1.000000000000000 
1.000000000000000 
1.000000000000000 
-1.000000000000000 
-1.000000000000000 
-1.000000000000000 
-1.000000000000000 
-0.447213595499958 
-0.447213595499958 
-0.447213595499958 
-0.447213595499958 
0.447213595499958 
0.447213595499958 
0.447213595499958 
0.447213595499958 
1.000000000000000 
1.000000000000000 
1.000000000000000 
1.000000000000000 
-1.000000000000000 
-1.000000000000000 
-1.000000000000000 
-1.000000000000000 
-0.447213595499958 
-0.447213595499958 
-0.447213595499958 
-0.447213595499958 
0.447213595499958 
0.447213595499958 
0.447213595499958 
0.447213595499958 
1.000000000000000 
1.000000000000000 
1.000000000000000 
1.000000000000000 
******************************************
Nodal t-coordinates
64 1
-1.000000000000000 
-1.000000000000000 
-1.000000000000000 
-1.000000000000000 
-1.000000000000000 
-1.000000000000000 
-1.000000000000000 
-1.000000000000000 
-1.000000000000000 
-1.000000000000000 
-1.000000000000000 
-1.000000000000000 
-1.000000000000000 
-1.000000000000000 
-1.000000000000000 
-1.000000000000000 
-0.447213595499958 
-0.447213595499958 
-0.447213595499958 
-0.447213595499958 
-0.447213595499958 
-0.447213595499958 
-0.447213595499958 
-0.447213595499958 
-0.447213595499958 
-0.447213595499958 
-0.447213595499958 
-0.447213595499958 
-0.447213595499958 
-0.447213595499958 
-0.447213595499958 
-0.447213595499958 
0.447213595499958 
0.447213595499958 
0.447213595499958 
0.447213595499958 
0.447213595499958 
0.447213595499958 
0.447213595499958 
0.447213595499958 
0.447213595499958 
0.447213595499958 
0.447213595499958 
0.447213595499958 
0.447213595499958 
0.447213595499958 
0.447213595499958 
0.447213595499958 
1.000000000000000 
1.000000000000000 
1.000000000000000 
1.000000000000000 
1.000000000000000 
1.000000000000000 
1.000000000000000 
1.000000000000000 
1.000000000000000 
1.000000000000000 
1.000000000000000 
1.000000000000000 
1.000000000000000 
1.000000000000000 
1.000000000000000 
1.000000000000000 
******************************************
Nodal Face nodes
6 16
0 1 2 3 4 5 6 7 8 9 10 11 12 13 14 15 
0 1 2 3 16 17 18 19 32 33 34 35 48 49 50 51 
3 7 11 15 19 23 27 31 35 39 43 47 51 55 59 63 
12 13 14 15 28 29 30 31 44 45 46 47 60 61 62 63 
0 4 8 12 16 20 24 28 32 36 40 44 48 52 56 60 
48 49 50 51 52 53 54 55 56 57 58 59 60 61 62 63 
******************************************
Nodal 1D GLL Nodes
4 1
-1.000000000000000 
-0.447213595499958 
0.447213595499958 
1.000000000000000 
******************************************
Nodal 1D GLL Weights
4 1
0.166666666666667 
0.833333333333333 
0.833333333333334 
0.166666666666667 
******************************************
Nodal 1D differentiation matrix
4 4
-2.999999999999999 4.045084971874736 -1.545084971874737 0.499999999999999 
-0.809016994374947 -0.000000000000000 1.118033988749895 -0.309016994374947 
0.309016994374947 -1.118033988749895 0.000000000000001 0.809016994374947 
-0.499999999999999 1.545084971874735 -4.045084971874737 3.000000000000000 
******************************************
Plotting r-coordinates
8 1
-1.000000000000000 
-1.000000000000000 
1.000000000000000 
1.000000000000000 
-1.000000000000000 
-1.000000000000000 
1.000000000000000 
1.000000000000000 
******************************************
Plotting s-coordinates
8 1
-1.000000000000000 
1.000000000000000 
-1.000000000000000 
1.000000000000000 
-1.000000000000000 
1.000000000000000 
-1.000000000000000 
1.000000000000000 
******************************************
Plotting t-coordinates
8 1
-1.000000000000000 
-1.000000000000000 
-1.000000000000000 
-1.000000000000000 
1.000000000000000 
1.000000000000000 
1.000000000000000 
1.000000000000000 
******************************************
Plotting Interpolation Matrix
8 64
1.000000000000000 0.000000000000000 -0.000000000000000 -0.000000000000000 0.000000000000000 0.000000000000000 -0.000000000000000 -0.000000000000000 -0.000000000000000 -0.000000000000000 0.000000000000000 -0.000000000000000 -0.000000000000000 -0.000000000000000 -0.000000000000000 0.000000000000000 0.000000000000000 0.000000000000000 -0.000000000000000 -0.000000000000000 0.000000000000000 -0.000000000000000 -0.000000000000000 0.000000000000000 -0.000000000000000 -0.000000000000000 -0.000000000000000 -0.000000000000000 -0.000000000000000 0.000000000000000 -0.000000000000000 -0.000000000000000 -0.000000000000000 -0.000000000000000 0.000000000000000 0.000000000000000 -0.000000000000000 -0.000000000000000 -0.000000000000000 -0.000000000000000 0.000000000000000 -0.000000000000000 0.000000000000000 0.000000000000000 0.000000000000000 -0.000000000000000 0.000000000000000 0.000000000000000 -0.000000000000000 -0.000000000000000 0.000000000000000 0.000000000000000 -0.000000000000000 0.000000000000000 -0.000000000000000 -0.000000000000000 0.000000000000000 -0.000000000000000 0.000000000000000 0.000000000000000 0.000000000000000 -0.000000000000000 0.000000000000000 0.000000000000000 
0.000000000000000 -0.000000000000000 -0.000000000000000 0.000000000000000 -0.000000000000000 0.000000000000000 0.000000000000000 -0.000000000000000 -0.000000000000000 0.000000000000000 0.000000000000000 -0.000000000000000 1.000000000000000 -0.000000000000000 -0.000000000000000 0.000000000000000 0.000000000000000 0.000000000000000 -0.000000000000000 -0.000000000000000 -0.000000000000000 -0.000000000000000 0.000000000000000 0.000000000000000 -0.000000000000000 -0.000000000000000 0.000000000000000 0.000000000000000 0.000000000000000 0.000000000000000 -0.000000000000000 -0.000000000000000 0.000000000000000 0.000000000000000 0.000000000000000 0.000000000000000 -0.000000000000000 -0.000000000000000 -0.000000000000000 -0.000000000000000 -0.000000000000000 -0.000000000000000 -0.000000000000000 -0.000000000000000 0.000000000000000 0.000000000000000 0.000000000000000 0.000000000000000 -0.000000000000000 -0.000000000000000 0.000000000000000 0.000000000000000 0.000000000000000 0.000000000000000 -0.000000000000000 -0.000000000000000 0.000000000000000 0.000000000000000 -0.000000000000000 -0.000000000000000 -0.000000000000000 -0.000000000000000 0.000000000000000 0.000000000000000 
-0.000000000000000 0.000000000000000 0.000000000000000 1.000000000000000 -0.000000000000000 0.000000000000000 0.000000000000000 -0.000000000000000 0.000000000000000 -0.000000000000000 -0.000000000000000 0.000000000000000 0.000000000000000 -0.000000000000000 -0.000000000000000 0.000000000000000 0.000000000000000 -0.000000000000000 -0.000000000000000 0.000000000000000 0.000000000000000 -0.000000000000000 -0.000000000000000 0.000000000000000 -0.000000000000000 0.000000000000000 0.000000000000000 -0.000000000000000 -0.000000000000000 0.000000000000000 0.000000000000000 -0.000000000000000 0.000000000000000 -0.000000000000000 -0.000000000000000 0.000000000000000 0.000000000000000 -0.000000000000000 -0.000000000000000 0.000000000000000 -0.000000000000000 0.000000000000000 0.000000000000000 -0.000000000000000 -0.000000000000000 0.000000000000000 0.000000000000000 -0.000000000000000 -0.000000000000000 0.000000000000000 0.000000000000000 -0.000000000000000 -0.000000000000000 0.000000000000000 0.000000000000000 -0.000000000000000 0.000000000000000 -0.000000000000000 -0.000000000000000 0.000000000000000 0.000000000000000 -0.000000000000000 -0.000000000000000 0.000000000000000 
0.000000000000000 0.000000000000000 0.000000000000000 0.000000000000000 0.000000000000000 0.000000000000000 0.000000000000000 0.000000000000000 0.000000000000000 0.000000000000000 -0.000000000000000 -0.000000000000000 0.000000000000000 0.000000000000000 -0.000000000000000 1.000000000000000 0.000000000000000 0.000000000000000 0.000000000000000 0.000000000000000 -0.000000000000000 -0.000000000000000 -0.000000000000000 0.000000000000000 -0.000000000000000 -0.000000000000000 -0.000000000000000 -0.000000000000000 0.000000000000000 0.000000000000000 0.000000000000000 0.000000000000000 -0.000000000000000 -0.000000000000000 -0.000000000000000 -0.000000000000000 0.000000000000000 0.000000000000000 0.000000000000000 -0.000000000000000 0.000000000000000 0.000000000000000 0.000000000000000 0.000000000000000 -0.000000000000000 -0.000000000000000 -0.000000000000000 0.000000000000000 -0.000000000000000 -0.000000000000000 -0.000000000000000 -0.000000000000000 0.000000000000000 0.000000000000000 -0.000000000000000 -0.000000000000000 0.000000000000000 0.000000000000000 0.000000000000000 -0.000000000000000 -0.000000000000000 -0.000000000000000 -0.000000000000000 -0.000000000000000 
-0.000000000000000 0.000000000000000 0.000000000000000 -0.000000000000000 0.000000000000000 0.000000000000000 -0.000000000000000 -0.000000000000000 0.000000000000000 -0.000000000000000 -0.000000000000000 0.000000000000000 -0.000000000000000 -0.000000000000000 0.000000000000000 -0.000000000000000 -0.000000000000000 -0.000000000000000 -0.000000000000000 0.000000000000000 -0.000000000000000 -0.000000000000000 0.000000000000000 0.000000000000000 -0.000000000000000 0.000000000000000 0.000000000000000 -0.000000000000000 0.000000000000000 0.000000000000000 -0.000000000000000 0.000000000000000 -0.000000000000000 -0.000000000000000 -0.000000000000000 0.000000000000000 -0.000000000000000 -0.000000000000000 0.000000000000000 0.000000000000000 -0.000000000000000 0.000000000000000 0.000000000000000 -0.000000000000000 0.000000000000000 0.000000000000000 -0.000000000000000 0.000000000000000 1.000000000000000 0.000000000000000 0.000000000000000 -0.000000000000000 0.000000000000000 0.000000000000000 -0.000000000000000 -0.000000000000000 0.000000000000000 -0.000000000000000 -0.000000000000000 0.000000000000000 -0.000000000000000 -0.000000000000000 0.000000000000000 -0.000000000000000 
-0.000000000000000 -0.000000000000000 0.000000000000000 0.000000000000000 -0.000000000000000 -0.000000000000000 0.000000000000000 0.000000000000000 0.000000000000000 0.000000000000000 -0.000000000000000 -0.000000000000000 0.000000000000000 0.000000000000000 -0.000000000000000 -0.000000000000000 -0.000000000000000 -0.000000000000000 0.000000000000000 0.000000000000000 -0.000000000000000 -0.000000000000000 0.000000000000000 0.000000000000000 0.000000000000000 0.000000000000000 -0.000000000000000 -0.000000000000000 0.000000000000000 0.000000000000000 -0.000000000000000 -0.000000000000000 0.000000000000000 0.000000000000000 -0.000000000000000 -0.000000000000000 0.000000000000000 0.000000000000000 -0.000000000000000 -0.000000000000000 -0.000000000000000 -0.000000000000000 0.000000000000000 0.000000000000000 -0.000000000000000 -0.000000000000000 0.000000000000000 0.000000000000000 0.000000000000000 0.000000000000000 -0.000000000000000 -0.000000000000000 0.000000000000000 -0.000000000000000 -0.000000000000000 0.000000000000000 -0.000000000000000 -0.000000000000000 0.000000000000000 0.000000000000000 1.000000000000000 -0.000000000000000 0.000000000000000 0.000000000000000 
-0.000000000000000 -0.000000000000000 0.000000000000000 0.000000000000000 -0.000000000000000 -0.000000000000000 0.000000000000000 0.000000000000000 0.000000000000000 0.000000000000000 -0.000000000000000 -0.000000000000000 0.000000000000000 0.000000000000000 -0.000000000000000 -0.000000000000000 -0.000000000000000 -0.000000000000000 0.000000000000000 0.000000000000000 -0.000000000000000 -0.000000000000000 0.000000000000000 0.000000000000000 0.000000000000000 0.000000000000000 -0.000000000000000 -0.000000000000000 0.000000000000000 0.000000000000000 -0.000000000000000 -0.000000000000000 0.000000000000000 0.000000000000000 -0.000000000000000 -0.000000000000000 0.000000000000000 0.000000000000000 -0.000000000000000 -0.000000000000000 -0.000000000000000 -0.000000000000000 0.000000000000000 0.000000000000000 -0.000000000000000 -0.000000000000000 0.000000000000000 0.000000000000000 0.000000000000000 0.000000000000000 -0.000000000000000 1.000000000000000 0.000000000000000 -0.000000000000000 -0.000000000000000 0.000000000000000 -0.000000000000000 -0.000000000000000 0.000000000000000 0.000000000000000 -0.000000000000000 -0.000000000000000 0.000000000000000 0.000000000000000 
-0.000000000000000 -0.000000000000000 0.000000000000000 0.000000000000000 -0.000000000000000 -0.000000000000000 0.000000000000000 0.000000000000000 0.000000000000000 0.000000000000000 -0.000000000000000 -0.000000000000000 0.000000000000000 0.000000000000000 -0.000000000000000 -0.000000000000000 -0.000000000000000 -0.000000000000000 0.000000000000000 0.000000000000000 -0.000000000000000 -0.000000000000000 0.000000000000000 0.000000000000000 0.000000000000000 0.000000000000000 -0.000000000000000 -0.000000000000000 0.000000000000000 0.000000000000000 -0.000000000000000 -0.000000000000000 0.000000000000000 0.000000000000000 -0.000000000000000 -0.000000000000000 0.000000000000000 0.000000000000000 -0.000000000000000 -0.000000000000000 -0.000000000000000 -0.000000000000000 0.000000000000000 0.000000000000000 -0.000000000000000 -0.000000000000000 0.000000000000000 0.000000000000000 0.000000000000000 0.000000000000000 -0.000000000000000 -0.000000000000000 0.000000000000000 -0.000000000000000 -0.000000000000000 0.000000000000000 -0.000000000000000 -0.000000000000000 0.000000000000000 0.000000000000000 -0.000000000000000 -0.000000000000000 0.000000000000000 1.000000000000000 
******************************************
Plotting triangulation
6 4
5 1 2 0 
5 4 2 0 
5 3 1 2 
5 3 7 2 
5 6 4 2 
5 6 7 2 
******************************************
C0 overlapping patch forward matrix
6 6
-0.375553746062806 1.628908560369328 -0.535868349480484 0.535868349480486 -1.628908560369337 0.375553746062809 
-0.473371308081246 1.760368502119320 -0.328792851312971 -0.328792851312966 1.760368502119306 -0.473371308081243 
0.536114892993962 -0.238044030025945 -0.665164755543292 0.665164755543291 0.238044030025944 -0.536114892993960 
-0.717398324864960 -0.264690437012942 0.465991579783063 0.465991579783063 -0.264690437012941 -0.717398324864959 
-0.404481833774803 -0.629461540949978 -0.765721067958393 -0.765721067958393 -0.629461540949979 -0.404481833774802 
-0.722700095486530 -0.801279095901749 -0.467785461721802 0.467785461721801 0.801279095901748 0.722700095486529 
******************************************
C0 overlapping patch diagonal scaling
6 1
17.695648633610290 
15.885088020387533 
6.299659869964265 
3.920038732975411 
0.444873246637047 
1.754691496425417 
******************************************
C0 overlapping patch backward matrix
6 6
-0.151277136162306 -0.180705495091084 0.427450372438528 -0.566491637346772 -0.267154276671035 -0.434516054587037 
0.656142095948436 0.672005793945638 -0.189795155145046 -0.209012084160803 -0.415750050120551 -0.481760876397706 
-0.215853603164092 -0.125513891451829 -0.530343264485967 0.367968984414352 -0.505747455041678 -0.281251233381525 
0.215853603164093 -0.125513891451828 0.530343264485967 0.367968984414353 -0.505747455041679 0.281251233381525 
-0.656142095948441 0.672005793945634 0.189795155145045 -0.209012084160803 -0.415750050120552 0.481760876397706 
0.151277136162307 -0.180705495091084 -0.427450372438528 -0.566491637346773 -0.267154276671036 0.434516054587038 
******************************************
IPDG overlapping patch forward matrix
6 6
-2.976608505011157 3.023102507812863 0.008518153633152 0.008518153633148 3.023102507812701 -2.976608505010986 
3.024758384898249 -2.968863777186252 -0.063831203048700 0.063831203048701 2.968863777186420 -3.024758384898411 
2.243931125622774 2.377988189891370 -0.854044727860109 0.854044727860117 -2.377988189891411 -2.243931125622814 
2.734787657874526 2.700996225214981 -0.586893857240867 -0.586893857240857 2.700996225214961 2.734787657874507 
-1.009676591758097 -0.916766957062511 -1.041094355555636 1.041094355555640 0.916766957062518 1.009676591758103 
0.526867557294459 0.505294503148820 0.956107958546504 0.956107958546507 0.505294503148821 0.526867557294459 
******************************************
IPDG overlapping patch diagonal scaling
6 1
171.763236118775637 
166.440260588183577 
16.312622518539840 
14.091836629557225 
4.247116893276488 
1.144927251667166 
******************************************
IPDG overlapping patch backward matrix
6 6
-0.496109417002863 0.504583675684635 0.469539340804533 0.497334607107074 -0.416115772103580 0.309702015855481 
0.503858542420349 -0.495259457674006 0.497590587506412 0.491189468621851 -0.377825130632042 0.297020995237372 
0.001419715164345 -0.010648183742044 -0.178707623401644 -0.106729538969505 -0.429063905344557 0.562017072483795 
0.001419715164345 0.010648183742044 0.178707623401645 -0.106729538969503 0.429063905344557 0.562017072483793 
0.503858542420322 0.495259457674034 -0.497590587506416 0.491189468621843 0.377825130632040 0.297020995237370 
-0.496109417002836 -0.504583675684663 -0.469539340804538 0.497334607107067 0.416115772103579 0.309702015855478 
******************************************
Gauss Legendre 1D quadrature nodes
5 1
-0.906179845938664 
-0.538469310105683 
-0.000000000000000 
0.538469310105683 
0.906179845938664 
******************************************
Gauss Legendre 1D quadrature weights
5 1
0.236926885056189 
0.478628670499366 
0.568888888888889 
0.478628670499367 
0.236926885056189 
******************************************
GLL to Gauss Legendre interpolation matrix
5 4
0.740028949986719 0.338258798773350 -0.114711190255126 0.036423441495056 
0.086490050298310 0.978118935726049 -0.090555433133162 0.025946447108803 
-0.125000000000000 0.625000000000000 0.625000000000000 -0.125000000000000 
0.025946447108803 -0.090555433133162 0.978118935726049 0.086490050298310 
0.036423441495057 -0.114711190255126 0.338258798773349 0.740028949986720 
******************************************
GLL to Gauss Legendre differentiation matrix
5 4
-2.547403394645993 3.178008306016676 -0.912558691170017 0.281953779799334 
-1.091741383742773 0.491193120288581 0.854980154975627 -0.254431891521435 
0.125000000000000 -1.397542485937368 1.397542485937369 -0.125000000000000 
0.254431891521435 -0.854980154975627 -0.491193120288580 1.091741383742773 
-0.281953779799334 0.912558691170018 -3.178008306016678 2.547403394645994 
******************************************
Gauss Legendre to Gauss Legendre differentiation matrix
5 5
-5.067040595654540 7.701952085172241 -4.043543754387661 1.960399115833277 -0.551766850963316 
-0.960256023631958 -0.758353217167875 2.402750652164299 -0.928558026643833 0.244416615279368 
0.301168159727832 -1.435388242334741 0.000000000000001 1.435388242334740 -0.301168159727831 
-0.244416615279368 0.928558026643836 -2.402750652164301 0.758353217167878 0.960256023631956 
0.551766850963317 -1.960399115833280 4.043543754387666 -7.701952085172239 5.067040595654537 
******************************************
Quadrature r-coordinates
5 1
-1.000000000000000 
-0.654653670707977 
-0.000000000000000 
0.654653670707977 
1.000000000000000 
******************************************
Quadrature weights
5 1
0.100000000000000 
0.544444444444445 
0.711111111111111 
0.544444444444445 
0.100000000000000 
******************************************
Quadrature Interpolation Matrix
5 4
1.000000000000000 -0.000000000000000 0.000000000000000 0.000000000000000 
0.236379095815425 0.879946467651000 -0.165660753365286 0.049335189898860 
-0.125000000000000 0.625000000000000 0.625000000000000 -0.125000000000000 
0.049335189898860 -0.165660753365286 0.879946467651000 0.236379095815425 
-0.000000000000000 -0.000000000000000 0.000000000000000 1.000000000000000 
******************************************
Quadrature Weak D Differentiation Matrix
5 5
-5.000000000000000 -1.240990253030983 0.375000000000000 -0.259009746969017 0.500000000000000 
6.756502488724238 0.000000000000000 -1.336584577695454 0.763762615825974 -1.410164177942426 
-2.666666666666665 1.745743121887938 0.000000000000000 -1.745743121887938 2.666666666666663 
1.410164177942427 -0.763762615825973 1.336584577695453 -0.000000000000001 -6.756502488724239 
-0.500000000000000 0.259009746969017 -0.375000000000000 1.240990253030984 5.000000000000001 
******************************************
Quadrature Differentiation Matrix
5 5
-5.000000000000000 6.756502488724238 -2.666666666666665 1.410164177942427 -0.500000000000000 
-1.240990253030983 0.000000000000000 1.745743121887938 -0.763762615825973 0.259009746969017 
0.375000000000000 -1.336584577695454 0.000000000000000 1.336584577695453 -0.375000000000000 
-0.259009746969017 0.763762615825974 -1.745743121887938 -0.000000000000001 1.240990253030984 
0.500000000000000 -1.410164177942426 2.666666666666663 -6.756502488724239 5.000000000000001 
******************************************
Quadrature Projection Matrix
4 5
1.000000000000000 0.236379095815425 -0.125000000000000 0.049335189898860 -0.000000000000000 
-0.000000000000000 0.879946467651000 0.625000000000000 -0.165660753365286 -0.000000000000000 
0.000000000000000 -0.165660753365286 0.625000000000000 0.879946467651000 0.000000000000000 
0.000000000000000 0.049335189898860 -0.125000000000000 0.236379095815425 1.000000000000000 
******************************************
1D degree raise matrix
5 4
1.000000000000000 -0.000000000000000 0.000000000000000 0.000000000000000 
0.236379095815425 0.879946467651000 -0.165660753365286 0.049335189898860 
-0.125000000000000 0.625000000000000 0.625000000000000 -0.125000000000000 
0.049335189898860 -0.165660753365286 0.879946467651000 0.236379095815425 
-0.000000000000000 -0.000000000000000 0.000000000000000 1.000000000000000 
******************************************
1D degree lower matrix
3 4
1.000000000000000 -0.000000000000000 0.000000000000000 0.000000000000000 
-0.125000000000000 0.625000000000000 0.625000000000000 -0.125000000000000 
-0.000000000000000 -0.000000000000000 0.000000000000000 1.000000000000000 
******************************************
SEMFEM reference mesh
27 8
0 1 5 4 16 17 21 20 
1 2 6 5 17 18 22 21 
2 3 7 6 18 19 23 22 
4 5 9 8 20 21 25 24 
5 6 10 9 21 22 26 25 
6 7 11 10 22 23 27 26 
8 9 13 12 24 25 29 28 
9 10 14 13 25 26 30 29 
10 11 15 14 26 27 31 30 
16 17 21 20 32 33 37 36 
17 18 22 21 33 34 38 37 
18 19 23 22 34 35 39 38 
20 21 25 24 36 37 41 40 
21 22 26 25 37 38 42 41 
22 23 27 26 38 39 43 42 
24 25 29 28 40 41 45 44 
25 26 30 29 41 42 46 45 
26 27 31 30 42 43 47 46 
32 33 37 36 48 49 53 52 
33 34 38 37 49 50 54 53 
34 35 39 38 50 51 55 54 
36 37 41 40 52 53 57 56 
37 38 42 41 53 54 58 57 
38 39 43 42 54 55 59 58 
40 41 45 44 56 57 61 60 
41 42 46 45 57 58 62 61 
42 43 47 46 58 59 63 62 
