******************************************
Nodal r-coordinates
64 1
-1.000000000000000 
-0.447213595499958 
0.447213595499958 
1.000000000000000 
-1.000000000000000 
-0.447213595499958 
0.447213595499958 
1.000000000000000 
-1.000000000000000 
-0.447213595499958 
0.447213595499958 
1.000000000000000 
-1.000000000000000 
-0.447213595499958 
0.447213595499958 
1.000000000000000 
-1.000000000000000 
-0.447213595499958 
0.447213595499958 
1.000000000000000 
-1.000000000000000 
-0.447213595499958 
0.447213595499958 
1.000000000000000 
-1.000000000000000 
-0.447213595499958 
0.447213595499958 
1.000000000000000 
-1.000000000000000 
-0.447213595499958 
0.447213595499958 
1.000000000000000 
-1.000000000000000 
-0.447213595499958 
0.447213595499958 
1.000000000000000 
-1.000000000000000 
-0.447213595499958 
0.447213595499958 
1.000000000000000 
-1.000000000000000 
-0.447213595499958 
0.447213595499958 
1.000000000000000 
-1.000000000000000 
-0.447213595499958 
0.447213595499958 
1.000000000000000 
-1.000000000000000 
-0.447213595499958 
0.447213595499958 
1.000000000000000 
-1.000000000000000 
-0.447213595499958 
0.447213595499958 
1.000000000000000 
-1.000000000000000 
-0.447213595499958 
0.447213595499958 
1.000000000000000 
-1.000000000000000 
-0.447213595499958 
0.447213595499958 
1.000000000000000 
******************************************
Nodal s-coordinates
64 1
-1.000000000000000 
-1.000000000000000 
-1.000000000000000 
-1.000000000000000 
-0.447213595499958 
-0.447213595499958 
-0.447213595499958 
-0.447213595499958 
0.447213595499958 
0.447213595499958 
0.447213595499958 
0.447213595499958 
1.000000000000000 
1.000000000000000 
1.000000000000000 
1.000000000000000 
-1.000000000000000 
-1.000000000000000 
-1.000000000000000 
-1.000000000000000 
-0.447213595499958 
-0.447213595499958 
-0.447213595499958 
-0.447213595499958 
0.447213595499958 
0.447213595499958 
0.447213595499958 
0.447213595499958 
1.000000000000000 
1.000000000000000 
1.000000000000000 
1.000000000000000 
-1.000000000000000 
-1.000000000000000 
-1.000000000000000 
-1.000000000000000 
-0.447213595499958 
-0.447213595499958 
-0.447213595499958 
-0.447213595499958 
0.447213595499958 
0.447213595499958 
0.447213595499958 
0.447213595499958 
1.000000000000000 
1.000000000000000 
1.000000000000000 
1.000000000000000 
-1.000000000000000 
-1.000000000000000 
-1.000000000000000 
-1.000000000000000 
-0.447213595499958 
-0.447213595499958 
-0.447213595499958 
-0.447213595499958 
0.447213595499958 
0.447213595499958 
0.447213595499958 
0.447213595499958 
1.000000000000000 
1.000000000000000 
1.000000000000000 
1.000000000000000 
******************************************
Nodal t-coordinates
64 1
-1.000000000000000 
-1.000000000000000 
-1.000000000000000 
-1.000000000000000 
-1.000000000000000 
-1.000000000000000 
-1.000000000000000 
-1.000000000000000 
-1.000000000000000 
-1.000000000000000 
-1.000000000000000 
-1.000000000000000 
-1.000000000000000 
-1.000000000000000 
-1.000000000000000 
-1.000000000000000 
-0.447213595499958 
-0.447213595499958 
-0.447213595499958 
-0.447213595499958 
-0.447213595499958 
-0.447213595499958 
-0.447213595499958 
-0.447213595499958 
-0.447213595499958 
-0.447213595499958 
-0.447213595499958 
-0.447213595499958 
-0.447213595499958 
-0.447213595499958 
-0.447213595499958 
-0.447213595499958 
0.447213595499958 
0.447213595499958 
0.447213595499958 
0.447213595499958 
0.447213595499958 
0.447213595499958 
0.447213595499958 
0.447213595499958 
0.447213595499958 
0.447213595499958 
0.447213595499958 
0.447213595499958 
0.447213595499958 
0.447213595499958 
0.447213595499958 
0.447213595499958 
1.000000000000000 
1.000000000000000 
1.000000000000000 
1.000000000000000 
1.000000000000000 
1.000000000000000 
1.000000000000000 
1.000000000000000 
1.000000000000000 
1.000000000000000 
1.000000000000000 
1.000000000000000 
1.000000000000000 
1.000000000000000 
1.000000000000000 
1.000000000000000 
******************************************
Nodal Face nodes
6 16
0 1 2 3 4 5 6 7 8 9 10 11 12 13 14 15 
0 1 2 3 16 17 18 19 32 33 34 35 48 49 50 51 
3 7 11 15 19 23 27 31 35 39 43 47 51 55 59 63 
12 13 14 15 28 29 30 31 44 45 46 47 60 61 62 63 
0 4 8 12 16 20 24 28 32 36 40 44 48 52 56 60 
48 49 50 51 52 53 54 55 56 57 58 59 60 61 62 63 
******************************************
Nodal 1D GLL Nodes
4 1
-1.000000000000000 
-0.447213595499958 
0.447213595499958 
1.000000000000000 
******************************************
Nodal 1D GLL Weights
4 1
0.166666666666667 
0.833333333333333 
0.833333333333334 
0.166666666666667 
******************************************
Nodal 1D differentiation matrix
4 4
-2.999999999999999 4.045084971874735 -1.545084971874736 0.500000000000000 
-0.809016994374947 -0.000000000000000 1.118033988749895 -0.309016994374947 
0.309016994374947 -1.118033988749895 0.000000000000001 0.809016994374947 
-0.500000000000000 1.545084971874736 -4.045084971874735 3.000000000000000 
******************************************
Plotting r-coordinates
8 1
-1.000000000000000 
-1.000000000000000 
1.000000000000000 
1.000000000000000 
-1.000000000000000 
-1.000000000000000 
1.000000000000000 
1.000000000000000 
******************************************
Plotting s-coordinates
8 1
-1.000000000000000 
1.000000000000000 
-1.000000000000000 
1.000000000000000 
-1.000000000000000 
1.000000000000000 
-1.000000000000000 
1.000000000000000 
******************************************
Plotting t-coordinates
8 1
-1.000000000000000 
-1.000000000000000 
-1.000000000000000 
-1.000000000000000 
1.000000000000000 
1.000000000000000 
1.000000000000000 
1.000000000000000 
******************************************
Plotting Interpolation Matrix
8 64
1.000000000000000 0.000000000000000 0.000000000000000 0.000000000000000 0.000000000000000 0.000000000000000 0.000000000000000 0.000000000000000 0.000000000000000 0.000000000000000 0.000000000000000 0.000000000000000 0.000000000000000 0.000000000000000 0.000000000000000 0.000000000000000 0.000000000000000 0.000000000000000 0.000000000000000 0.000000000000000 0.000000000000000 0.000000000000000 0.000000000000000 0.000000000000000 0.000000000000000 0.000000000000000 0.000000000000000 0.000000000000000 0.000000000000000 0.000000000000000 0.000000000000000 0.000000000000000 0.000000000000000 0.000000000000000 0.000000000000000 0.000000000000000 0.000000000000000 0.000000000000000 0.000000000000000 0.000000000000000 0.000000000000000 0.000000000000000 0.000000000000000 0.000000000000000 0.000000000000000 0.000000000000000 0.000000000000000 0.000000000000000 0.000000000000000 0.000000000000000 0.000000000000000 0.000000000000000 0.000000000000000 0.000000000000000 0.000000000000000 0.000000000000000 0.000000000000000 0.000000000000000 0.000000000000000 0.000000000000000 0.000000000000000 0.000000000000000 0.000000000000000 0.000000000000000 
0.000000000000000 0.000000000000000 0.000000000000000 0.000000000000000 0.000000000000000 0.000000000000000 0.000000000000000 0.000000000000000 0.000000000000000 0.000000000000000 0.000000000000000 0.000000000000000 1.000000000000000 0.000000000000000 0.000000000000000 0.000000000000000 0.000000000000000 0.000000000000000 0.000000000000000 0.000000000000000 0.000000000000000 0.000000000000000 0.000000000000000 0.000000000000000 0.000000000000000 0.000000000000000 0.000000000000000 0.000000000000000 0.000000000000000 0.000000000000000 0.000000000000000 0.000000000000000 0.000000000000000 0.000000000000000 0.000000000000000 0.000000000000000 0.000000000000000 0.000000000000000 0.000000000000000 0.000000000000000 0.000000000000000 0.000000000000000 0.000000000000000 0.000000000000000 0.000000000000000 0.000000000000000 0.000000000000000 0.000000000000000 0.000000000000000 0.000000000000000 0.000000000000000 0.000000000000000 0.000000000000000 0.000000000000000 0.000000000000000 0.000000000000000 0.000000000000000 0.000000000000000 0.000000000000000 0.000000000000000 0.000000000000000 0.000000000000000 0.000000000000000 0.000000000000000 
0.000000000000000 0.000000000000000 0.000000000000000 1.000000000000000 0.000000000000000 0.000000000000000 0.000000000000000 0.000000000000000 0.000000000000000 0.000000000000000 0.000000000000000 0.000000000000000 0.000000000000000 0.000000000000000 0.000000000000000 0.000000000000000 0.000000000000000 0.000000000000000 0.000000000000000 0.000000000000000 0.000000000000000 0.000000000000000 0.000000000000000 0.000000000000000 0.000000000000000 0.000000000000000 0.000000000000000 0.000000000000000 0.000000000000000 0.000000000000000 0.000000000000000 0.000000000000000 0.000000000000000 0.000000000000000 0.000000000000000 0.000000000000000 0.000000000000000 0.000000000000000 0.000000000000000 0.000000000000000 0.000000000000000 0.000000000000000 0.000000000000000 0.000000000000000 0.000000000000000 0.000000000000000 0.000000000000000 0.000000000000000 0.000000000000000 0.000000000000000 0.000000000000000 0.000000000000000 0.000000000000000 0.000000000000000 0.000000000000000 0.000000000000000 0.000000000000000 0.000000000000000 0.000000000000000 0.000000000000000 0.000000000000000 0.000000000000000 0.000000000000000 0.000000000000000 
-0.000000000000000 0.000000000000000 -0.000000000000000 0.000000000000000 -0.000000000000000 -0.000000000000000 0.000000000000000 0.000000000000000 0.000000000000000 0.000000000000000 -0.000000000000000 -0.000000000000000 0.000000000000000 -0.000000000000000 0.000000000000000 1.000000000000000 -0.000000000000000 0.000000000000000 -0.000000000000000 0.000000000000000 -0.000000000000000 -0.000000000000000 0.000000000000000 0.000000000000000 0.000000000000000 0.000000000000000 -0.000000000000000 -0.000000000000000 0.000000000000000 -0.000000000000000 0.000000000000000 -0.000000000000000 -0.000000000000000 -0.000000000000000 0.000000000000000 0.000000000000000 0.000000000000000 0.000000000000000 -0.000000000000000 -0.000000000000000 -0.000000000000000 -0.000000000000000 0.000000000000000 0.000000000000000 0.000000000000000 0.000000000000000 -0.000000000000000 -0.000000000000000 0.000000000000000 -0.000000000000000 0.000000000000000 -0.000000000000000 -0.000000000000000 -0.000000000000000 0.000000000000000 0.000000000000000 0.000000000000000 0.000000000000000 -0.000000000000000 -0.000000000000000 -0.000000000000000 0.000000000000000 -0.000000000000000 0.000000000000000 
0.000000000000000 0.000000000000000 0.000000000000000 0.000000000000000 0.000000000000000 0.000000000000000 0.000000000000000 0.000000000000000 0.000000000000000 0.000000000000000 0.000000000000000 0.000000000000000 0.000000000000000 0.000000000000000 0.000000000000000 0.000000000000000 0.000000000000000 0.000000000000000 0.000000000000000 0.000000000000000 0.000000000000000 0.000000000000000 0.000000000000000 0.000000000000000 0.000000000000000 0.000000000000000 0.000000000000000 0.000000000000000 0.000000000000000 0.000000000000000 0.000000000000000 0.000000000000000 0.000000000000000 0.000000000000000 0.000000000000000 0.000000000000000 0.000000000000000 0.000000000000000 0.000000000000000 0.000000000000000 0.000000000000000 0.000000000000000 0.000000000000000 0.000000000000000 0.000000000000000 0.000000000000000 0.000000000000000 0.000000000000000 1.000000000000000 0.000000000000000 0.000000000000000 0.000000000000000 0.000000000000000 0.000000000000000 0.000000000000000 0.000000000000000 0.000000000000000 0.000000000000000 0.000000000000000 0.000000000000000 0.000000000000000 0.000000000000000 0.000000000000000 0.000000000000000 
0.000000000000000 0.000000000000000 -0.000000000000000 0.000000000000000 -0.000000000000000 0.000000000000000 -0.000000000000000 -0.000000000000000 0.000000000000000 -0.000000000000000 0.000000000000000 0.000000000000000 -0.000000000000000 -0.000000000000000 0.000000000000000 -0.000000000000000 -0.000000000000000 0.000000000000000 -0.000000000000000 -0.000000000000000 -0.000000000000000 -0.000000000000000 0.000000000000000 0.000000000000000 0.000000000000000 0.000000000000000 -0.000000000000000 -0.000000000000000 0.000000000000000 -0.000000000000000 0.000000000000000 0.000000000000000 0.000000000000000 -0.000000000000000 0.000000000000000 0.000000000000000 0.000000000000000 0.000000000000000 -0.000000000000000 -0.000000000000000 -0.000000000000000 -0.000000000000000 0.000000000000000 0.000000000000000 -0.000000000000000 0.000000000000000 -0.000000000000000 -0.000000000000000 0.000000000000000 -0.000000000000000 0.000000000000000 -0.000000000000000 0.000000000000000 -0.000000000000000 0.000000000000000 0.000000000000000 -0.000000000000000 0.000000000000000 -0.000000000000000 -0.000000000000000 1.000000000000000 0.000000000000000 -0.000000000000000 0.000000000000000 
0.000000000000000 0.000000000000000 -0.000000000000000 -0.000000000000000 -0.000000000000000 -0.000000000000000 0.000000000000000 0.000000000000000 -0.000000000000000 -0.000000000000000 0.000000000000000 0.000000000000000 0.000000000000000 -0.000000000000000 0.000000000000000 -0.000000000000000 -0.000000000000000 -0.000000000000000 0.000000000000000 0.000000000000000 -0.000000000000000 -0.000000000000000 0.000000000000000 0.000000000000000 0.000000000000000 0.000000000000000 -0.000000000000000 -0.000000000000000 0.000000000000000 -0.000000000000000 0.000000000000000 -0.000000000000000 0.000000000000000 0.000000000000000 -0.000000000000000 -0.000000000000000 0.000000000000000 0.000000000000000 -0.000000000000000 -0.000000000000000 -0.000000000000000 -0.000000000000000 0.000000000000000 0.000000000000000 -0.000000000000000 0.000000000000000 -0.000000000000000 0.000000000000000 0.000000000000000 -0.000000000000000 0.000000000000000 1.000000000000000 0.000000000000000 0.000000000000000 -0.000000000000000 -0.000000000000000 0.000000000000000 0.000000000000000 -0.000000000000000 -0.000000000000000 -0.000000000000000 0.000000000000000 -0.000000000000000 0.000000000000000 
-0.000000000000000 0.000000000000000 -0.000000000000000 -0.000000000000000 -0.000000000000000 -0.000000000000000 0.000000000000000 0.000000000000000 0.000000000000000 0.000000000000000 -0.000000000000000 0.000000000000000 0.000000000000000 -0.000000000000000 0.000000000000000 -0.000000000000000 -0.000000000000000 -0.000000000000000 0.000000000000000 0.000000000000000 -0.000000000000000 0.000000000000000 -0.000000000000000 0.000000000000000 0.000000000000000 -0.000000000000000 -0.000000000000000 -0.000000000000000 0.000000000000000 0.000000000000000 -0.000000000000000 0.000000000000000 0.000000000000000 0.000000000000000 -0.000000000000000 0.000000000000000 0.000000000000000 -0.000000000000000 -0.000000000000000 -0.000000000000000 -0.000000000000000 -0.000000000000000 0.000000000000000 0.000000000000000 0.000000000000000 -0.000000000000000 0.000000000000000 -0.000000000000000 0.000000000000000 -0.000000000000000 0.000000000000000 0.000000000000000 0.000000000000000 0.000000000000000 -0.000000000000000 0.000000000000000 0.000000000000000 -0.000000000000000 0.000000000000000 -0.000000000000000 0.000000000000000 0.000000000000000 -0.000000000000000 1.000000000000000 
******************************************
Plotting triangulation
6 4
4 0 1 2 
5 4 1 2 
5 6 4 2 
5 3 6 2 
5 1 3 2 
5 7 6 3 
******************************************
C0 overlapping patch forward matrix
6 6
-0.375553746062806 1.628908560369326 -0.535868349480484 0.535868349480486 -1.628908560369340 0.375553746062810 
-0.473371308081246 1.760368502119321 -0.328792851312971 -0.328792851312965 1.760368502119306 -0.473371308081243 
0.536114892993961 -0.238044030025946 -0.665164755543292 0.665164755543292 0.238044030025944 -0.536114892993961 
-0.717398324864958 -0.264690437012940 0.465991579783064 0.465991579783063 -0.264690437012942 -0.717398324864961 
-0.404481833774802 -0.629461540949976 -0.765721067958392 -0.765721067958394 -0.629461540949980 -0.404481833774804 
-0.722700095486530 -0.801279095901748 -0.467785461721801 0.467785461721801 0.801279095901749 0.722700095486530 
******************************************
C0 overlapping patch diagonal scaling
6 1
17.695648633610297 
15.885088020387540 
6.299659869964264 
3.920038732975410 
0.444873246637047 
1.754691496425416 
******************************************
C0 overlapping patch backward matrix
6 6
-0.151277136162306 -0.180705495091085 0.427450372438528 -0.566491637346773 -0.267154276671036 -0.434516054587039 
0.656142095948435 0.672005793945639 -0.189795155145046 -0.209012084160803 -0.415750050120552 -0.481760876397707 
-0.215853603164092 -0.125513891451829 -0.530343264485967 0.367968984414353 -0.505747455041678 -0.281251233381526 
0.215853603164093 -0.125513891451828 0.530343264485966 0.367968984414353 -0.505747455041679 0.281251233381524 
-0.656142095948441 0.672005793945634 0.189795155145045 -0.209012084160803 -0.415750050120552 0.481760876397705 
0.151277136162307 -0.180705495091084 -0.427450372438527 -0.566491637346772 -0.267154276671036 0.434516054587036 
******************************************
IPDG overlapping patch forward matrix
6 6
-2.976608505010973 3.023102507812684 0.008518153633148 0.008518153633152 3.023102507812880 -2.976608505011170 
3.024758384898431 -2.968863777186439 -0.063831203048701 0.063831203048700 2.968863777186234 -3.024758384898229 
2.243931125622824 2.377988189891416 -0.854044727860115 0.854044727860105 -2.377988189891372 -2.243931125622776 
2.734787657874507 2.700996225214960 -0.586893857240853 -0.586893857240864 2.700996225214986 2.734787657874534 
1.009676591758095 0.916766957062508 1.041094355555636 -1.041094355555638 -0.916766957062512 -1.009676591758097 
0.526867557294457 0.505294503148818 0.956107958546506 0.956107958546502 0.505294503148818 0.526867557294456 
******************************************
IPDG overlapping patch diagonal scaling
6 1
171.763236118775666 
166.440260588183804 
16.312622518539904 
14.091836629557269 
4.247116893276514 
1.144927251667162 
******************************************
IPDG overlapping patch backward matrix
6 6
-0.496109417002832 0.504583675684665 0.469539340804539 0.497334607107067 0.416115772103578 0.309702015855479 
0.503858542420319 -0.495259457674037 0.497590587506417 0.491189468621843 0.377825130632039 0.297020995237370 
0.001419715164345 -0.010648183742044 -0.178707623401644 -0.106729538969502 0.429063905344558 0.562017072483796 
0.001419715164345 0.010648183742044 0.178707623401643 -0.106729538969505 -0.429063905344559 0.562017072483795 
0.503858542420352 0.495259457674004 -0.497590587506411 0.491189468621851 -0.377825130632040 0.297020995237369 
-0.496109417002867 -0.504583675684632 -0.469539340804533 0.497334607107075 -0.416115772103580 0.309702015855478 
******************************************
Gauss Legendre 1D quadrature nodes
5 1
-0.906179845938664 
-0.538469310105683 
-0.000000000000000 
0.538469310105683 
0.906179845938664 
******************************************
Gauss Legendre 1D quadrature weights
5 1
0.236926885056189 
0.478628670499366 
0.568888888888889 
0.478628670499367 
0.236926885056189 
******************************************
GLL to Gauss Legendre interpolation matrix
5 4
0.740028949986719 0.338258798773350 -0.114711190255126 0.036423441495057 
0.086490050298310 0.978118935726049 -0.090555433133162 0.025946447108803 
-0.125000000000000 0.625000000000000 0.625000000000000 -0.125000000000000 
0.025946447108803 -0.090555433133161 0.978118935726048 0.086490050298310 
0.036423441495056 -0.114711190255125 0.338258798773349 0.740028949986720 
******************************************
GLL to Gauss Legendre differentiation matrix
5 4
-2.547403394645993 3.178008306016676 -0.912558691170017 0.281953779799334 
-1.091741383742773 0.491193120288581 0.854980154975626 -0.254431891521434 
0.125000000000000 -1.397542485937368 1.397542485937369 -0.125000000000000 
0.254431891521435 -0.854980154975627 -0.491193120288580 1.091741383742773 
-0.281953779799335 0.912558691170018 -3.178008306016677 2.547403394645995 
******************************************
Gauss Legendre to Gauss Legendre differentiation matrix
5 5
-5.067040595654539 7.701952085172241 -4.043543754387663 1.960399115833278 -0.551766850963316 
-0.960256023631958 -0.758353217167876 2.402750652164300 -0.928558026643834 0.244416615279368 
0.301168159727832 -1.435388242334742 0.000000000000001 1.435388242334740 -0.301168159727831 
-0.244416615279368 0.928558026643835 -2.402750652164301 0.758353217167879 0.960256023631956 
0.551766850963316 -1.960399115833280 4.043543754387667 -7.701952085172239 5.067040595654537 
******************************************
Quadrature r-coordinates
5 1
-0.906179845938664 
-0.538469310105683 
-0.000000000000000 
0.538469310105683 
0.906179845938664 
******************************************
Quadrature weights
5 1
0.236926885056189 
0.478628670499366 
0.568888888888889 
0.478628670499367 
0.236926885056189 
******************************************
Quadrature Interpolation Matrix
5 4
0.740028949986719 0.338258798773350 -0.114711190255126 0.036423441495057 
0.086490050298310 0.978118935726049 -0.090555433133162 0.025946447108803 
-0.125000000000000 0.625000000000000 0.625000000000000 -0.125000000000000 
0.025946447108803 -0.090555433133161 0.978118935726048 0.086490050298310 
0.036423441495056 -0.114711190255125 0.338258798773349 0.740028949986720 
******************************************
Quadrature Weak D Differentiation Matrix
5 5
-5.067040595654539 -0.960256023631958 0.301168159727832 -0.244416615279368 0.551766850963316 
7.701952085172241 -0.758353217167876 -1.435388242334742 0.928558026643835 -1.960399115833280 
-4.043543754387663 2.402750652164300 0.000000000000001 -2.402750652164301 4.043543754387667 
1.960399115833278 -0.928558026643834 1.435388242334740 0.758353217167879 -7.701952085172239 
-0.551766850963316 0.244416615279368 -0.301168159727831 0.960256023631956 5.067040595654537 
******************************************
Quadrature Projection Matrix
4 5
0.740028949986719 0.086490050298310 -0.125000000000000 0.025946447108803 0.036423441495056 
0.338258798773350 0.978118935726049 0.625000000000000 -0.090555433133161 -0.114711190255125 
-0.114711190255126 -0.090555433133162 0.625000000000000 0.978118935726048 0.338258798773349 
0.036423441495057 0.025946447108803 -0.125000000000000 0.086490050298310 0.740028949986720 
******************************************
1D degree raise matrix
5 4
1.000000000000000 0.000000000000000 -0.000000000000000 0.000000000000000 
0.236379095815425 0.879946467651000 -0.165660753365286 0.049335189898860 
-0.125000000000000 0.625000000000000 0.625000000000000 -0.125000000000000 
0.049335189898860 -0.165660753365286 0.879946467651000 0.236379095815425 
0.000000000000000 0.000000000000000 -0.000000000000000 1.000000000000000 
******************************************
1D degree lower matrix
3 4
1.000000000000000 0.000000000000000 -0.000000000000000 0.000000000000000 
-0.125000000000000 0.625000000000000 0.625000000000000 -0.125000000000000 
0.000000000000000 0.000000000000000 -0.000000000000000 1.000000000000000 
******************************************
SEMFEM reference mesh
27 8
0 1 5 4 16 17 21 20 
1 2 6 5 17 18 22 21 
2 3 7 6 18 19 23 22 
4 5 9 8 20 21 25 24 
5 6 10 9 21 22 26 25 
6 7 11 10 22 23 27 26 
8 9 13 12 24 25 29 28 
9 10 14 13 25 26 30 29 
10 11 15 14 26 27 31 30 
16 17 21 20 32 33 37 36 
17 18 22 21 33 34 38 37 
18 19 23 22 34 35 39 38 
20 21 25 24 36 37 41 40 
21 22 26 25 37 38 42 41 
22 23 27 26 38 39 43 42 
24 25 29 28 40 41 45 44 
25 26 30 29 41 42 46 45 
26 27 31 30 42 43 47 46 
32 33 37 36 48 49 53 52 
33 34 38 37 49 50 54 53 
34 35 39 38 50 51 55 54 
36 37 41 40 52 53 57 56 
37 38 42 41 53 54 58 57 
38 39 43 42 54 55 59 58 
40 41 45 44 56 57 61 60 
41 42 46 45 57 58 62 61 
42 43 47 46 58 59 63 62 
