******************************************
Nodal r-coordinates
8 1
-1.000000000000000 
1.000000000000000 
-1.000000000000000 
1.000000000000000 
-1.000000000000000 
1.000000000000000 
-1.000000000000000 
1.000000000000000 
******************************************
Nodal s-coordinates
8 1
-1.000000000000000 
-1.000000000000000 
1.000000000000000 
1.000000000000000 
-1.000000000000000 
-1.000000000000000 
1.000000000000000 
1.000000000000000 
******************************************
Nodal t-coordinates
8 1
-1.000000000000000 
-1.000000000000000 
-1.000000000000000 
-1.000000000000000 
1.000000000000000 
1.000000000000000 
1.000000000000000 
1.000000000000000 
******************************************
Nodal Face nodes
6 4
0 1 2 3 
0 1 4 5 
1 3 5 7 
2 3 6 7 
0 2 4 6 
4 5 6 7 
******************************************
Nodal 1D GLL Nodes
2 1
-1.000000000000000 
1.000000000000000 
******************************************
Nodal 1D GLL Weights
2 1
1.000000000000000 
1.000000000000000 
******************************************
Nodal 1D differentiation matrix
2 2
-0.500000000000000 0.500000000000000 
-0.500000000000000 0.500000000000000 
******************************************
Plotting r-coordinates
64 1
-1.000000000000000 
-1.000000000000000 
-1.000000000000000 
-1.000000000000000 
-0.333333333333333 
-0.333333333333333 
-0.333333333333333 
-0.333333333333333 
0.333333333333333 
0.333333333333333 
0.333333333333333 
0.333333333333333 
1.000000000000000 
1.000000000000000 
1.000000000000000 
1.000000000000000 
-1.000000000000000 
-1.000000000000000 
-1.000000000000000 
-1.000000000000000 
-0.333333333333333 
-0.333333333333333 
-0.333333333333333 
-0.333333333333333 
0.333333333333333 
0.333333333333333 
0.333333333333333 
0.333333333333333 
1.000000000000000 
1.000000000000000 
1.000000000000000 
1.000000000000000 
-1.000000000000000 
-1.000000000000000 
-1.000000000000000 
-1.000000000000000 
-0.333333333333333 
-0.333333333333333 
-0.333333333333333 
-0.333333333333333 
0.333333333333333 
0.333333333333333 
0.333333333333333 
0.333333333333333 
1.000000000000000 
1.000000000000000 
1.000000000000000 
1.000000000000000 
-1.000000000000000 
-1.000000000000000 
-1.000000000000000 
-1.000000000000000 
-0.333333333333333 
-0.333333333333333 
-0.333333333333333 
-0.333333333333333 
0.333333333333333 
0.333333333333333 
0.333333333333333 
0.333333333333333 
1.000000000000000 
1.000000000000000 
1.000000000000000 
1.000000000000000 
******************************************
Plotting s-coordinates
64 1
-1.000000000000000 
-0.333333333333333 
0.333333333333333 
1.000000000000000 
-1.000000000000000 
-0.333333333333333 
0.333333333333333 
1.000000000000000 
-1.000000000000000 
-0.333333333333333 
0.333333333333333 
1.000000000000000 
-1.000000000000000 
-0.333333333333333 
0.333333333333333 
1.000000000000000 
-1.000000000000000 
-0.333333333333333 
0.333333333333333 
1.000000000000000 
-1.000000000000000 
-0.333333333333333 
0.333333333333333 
1.000000000000000 
-1.000000000000000 
-0.333333333333333 
0.333333333333333 
1.000000000000000 
-1.000000000000000 
-0.333333333333333 
0.333333333333333 
1.000000000000000 
-1.000000000000000 
-0.333333333333333 
0.333333333333333 
1.000000000000000 
-1.000000000000000 
-0.333333333333333 
0.333333333333333 
1.000000000000000 
-1.000000000000000 
-0.333333333333333 
0.333333333333333 
1.000000000000000 
-1.000000000000000 
-0.333333333333333 
0.333333333333333 
1.000000000000000 
-1.000000000000000 
-0.333333333333333 
0.333333333333333 
1.000000000000000 
-1.000000000000000 
-0.333333333333333 
0.333333333333333 
1.000000000000000 
-1.000000000000000 
-0.333333333333333 
0.333333333333333 
1.000000000000000 
-1.000000000000000 
-0.333333333333333 
0.333333333333333 
1.000000000000000 
******************************************
Plotting t-coordinates
64 1
-1.000000000000000 
-1.000000000000000 
-1.000000000000000 
-1.000000000000000 
-1.000000000000000 
-1.000000000000000 
-1.000000000000000 
-1.000000000000000 
-1.000000000000000 
-1.000000000000000 
-1.000000000000000 
-1.000000000000000 
-1.000000000000000 
-1.000000000000000 
-1.000000000000000 
-1.000000000000000 
-0.333333333333333 
-0.333333333333333 
-0.333333333333333 
-0.333333333333333 
-0.333333333333333 
-0.333333333333333 
-0.333333333333333 
-0.333333333333333 
-0.333333333333333 
-0.333333333333333 
-0.333333333333333 
-0.333333333333333 
-0.333333333333333 
-0.333333333333333 
-0.333333333333333 
-0.333333333333333 
0.333333333333333 
0.333333333333333 
0.333333333333333 
0.333333333333333 
0.333333333333333 
0.333333333333333 
0.333333333333333 
0.333333333333333 
0.333333333333333 
0.333333333333333 
0.333333333333333 
0.333333333333333 
0.333333333333333 
0.333333333333333 
0.333333333333333 
0.333333333333333 
1.000000000000000 
1.000000000000000 
1.000000000000000 
1.000000000000000 
1.000000000000000 
1.000000000000000 
1.000000000000000 
1.000000000000000 
1.000000000000000 
1.000000000000000 
1.000000000000000 
1.000000000000000 
1.000000000000000 
1.000000000000000 
1.000000000000000 
1.000000000000000 
******************************************
Plotting Interpolation Matrix
64 8
1.000000000000000 0.000000000000000 0.000000000000000 0.000000000000000 0.000000000000000 0.000000000000000 0.000000000000000 0.000000000000000 
0.666666666666667 -0.000000000000000 0.333333333333333 0.000000000000000 -0.000000000000000 -0.000000000000000 0.000000000000000 0.000000000000000 
0.333333333333333 -0.000000000000000 0.666666666666667 0.000000000000000 -0.000000000000000 -0.000000000000000 0.000000000000000 0.000000000000000 
0.000000000000000 0.000000000000000 1.000000000000000 0.000000000000000 0.000000000000000 0.000000000000000 0.000000000000000 0.000000000000000 
0.666666666666667 0.333333333333333 -0.000000000000000 0.000000000000000 -0.000000000000000 0.000000000000000 -0.000000000000000 0.000000000000000 
0.444444444444445 0.222222222222222 0.222222222222222 0.111111111111111 -0.000000000000000 -0.000000000000000 -0.000000000000000 0.000000000000000 
0.222222222222222 0.111111111111111 0.444444444444444 0.222222222222222 0.000000000000000 -0.000000000000000 -0.000000000000000 0.000000000000000 
0.000000000000000 0.000000000000000 0.666666666666667 0.333333333333333 0.000000000000000 -0.000000000000000 -0.000000000000000 0.000000000000000 
0.333333333333333 0.666666666666667 -0.000000000000000 0.000000000000000 -0.000000000000000 0.000000000000000 -0.000000000000000 0.000000000000000 
0.222222222222222 0.444444444444444 0.111111111111111 0.222222222222222 0.000000000000000 -0.000000000000000 -0.000000000000000 0.000000000000000 
0.111111111111111 0.222222222222222 0.222222222222222 0.444444444444444 -0.000000000000000 -0.000000000000000 -0.000000000000000 0.000000000000000 
0.000000000000000 0.000000000000000 0.333333333333333 0.666666666666667 -0.000000000000000 0.000000000000000 -0.000000000000000 0.000000000000000 
0.000000000000000 1.000000000000000 0.000000000000000 0.000000000000000 0.000000000000000 0.000000000000000 0.000000000000000 0.000000000000000 
0.000000000000000 0.666666666666667 0.000000000000000 0.333333333333333 -0.000000000000000 -0.000000000000000 0.000000000000000 0.000000000000000 
0.000000000000000 0.333333333333333 0.000000000000000 0.666666666666667 -0.000000000000000 -0.000000000000000 0.000000000000000 0.000000000000000 
0.000000000000000 0.000000000000000 0.000000000000000 1.000000000000000 0.000000000000000 0.000000000000000 0.000000000000000 0.000000000000000 
0.666666666666667 -0.000000000000000 -0.000000000000000 -0.000000000000000 0.333333333333333 0.000000000000000 0.000000000000000 0.000000000000000 
0.444444444444445 -0.000000000000000 0.222222222222222 0.000000000000000 0.222222222222222 0.000000000000000 0.111111111111111 0.000000000000000 
0.222222222222222 -0.000000000000000 0.444444444444444 0.000000000000000 0.111111111111111 -0.000000000000000 0.222222222222222 0.000000000000000 
0.000000000000000 -0.000000000000000 0.666666666666667 -0.000000000000000 -0.000000000000000 0.000000000000000 0.333333333333333 0.000000000000000 
0.444444444444444 0.222222222222222 -0.000000000000000 0.000000000000000 0.222222222222222 0.111111111111111 0.000000000000000 0.000000000000000 
0.296296296296296 0.148148148148148 0.148148148148148 0.074074074074074 0.148148148148148 0.074074074074074 0.074074074074074 0.037037037037037 
0.148148148148148 0.074074074074074 0.296296296296296 0.148148148148148 0.074074074074074 0.037037037037037 0.148148148148148 0.074074074074074 
0.000000000000000 0.000000000000000 0.444444444444444 0.222222222222222 0.000000000000000 -0.000000000000000 0.222222222222222 0.111111111111111 
0.222222222222222 0.444444444444444 -0.000000000000000 -0.000000000000000 0.111111111111111 0.222222222222222 -0.000000000000000 0.000000000000000 
0.148148148148148 0.296296296296296 0.074074074074074 0.148148148148148 0.074074074074074 0.148148148148148 0.037037037037037 0.074074074074074 
0.074074074074074 0.148148148148148 0.148148148148148 0.296296296296296 0.037037037037037 0.074074074074074 0.074074074074074 0.148148148148148 
0.000000000000000 0.000000000000000 0.222222222222222 0.444444444444444 -0.000000000000000 0.000000000000000 0.111111111111111 0.222222222222222 
0.000000000000000 0.666666666666667 -0.000000000000000 -0.000000000000000 0.000000000000000 0.333333333333333 0.000000000000000 0.000000000000000 
0.000000000000000 0.444444444444445 0.000000000000000 0.222222222222222 0.000000000000000 0.222222222222222 0.000000000000000 0.111111111111111 
0.000000000000000 0.222222222222222 0.000000000000000 0.444444444444444 -0.000000000000000 0.111111111111111 0.000000000000000 0.222222222222222 
0.000000000000000 0.000000000000000 0.000000000000000 0.666666666666667 0.000000000000000 0.000000000000000 0.000000000000000 0.333333333333333 
0.333333333333333 -0.000000000000000 -0.000000000000000 -0.000000000000000 0.666666666666667 0.000000000000000 0.000000000000000 0.000000000000000 
0.222222222222222 0.000000000000000 0.111111111111111 -0.000000000000000 0.444444444444444 -0.000000000000000 0.222222222222222 0.000000000000000 
0.111111111111111 -0.000000000000000 0.222222222222222 -0.000000000000000 0.222222222222222 -0.000000000000000 0.444444444444444 0.000000000000000 
0.000000000000000 -0.000000000000000 0.333333333333333 -0.000000000000000 -0.000000000000000 0.000000000000000 0.666666666666667 0.000000000000000 
0.222222222222222 0.111111111111111 -0.000000000000000 -0.000000000000000 0.444444444444444 0.222222222222222 -0.000000000000000 0.000000000000000 
0.148148148148148 0.074074074074074 0.074074074074074 0.037037037037037 0.296296296296296 0.148148148148148 0.148148148148148 0.074074074074074 
0.074074074074074 0.037037037037037 0.148148148148148 0.074074074074074 0.148148148148148 0.074074074074074 0.296296296296296 0.148148148148148 
0.000000000000000 0.000000000000000 0.222222222222222 0.111111111111111 0.000000000000000 0.000000000000000 0.444444444444444 0.222222222222222 
0.111111111111111 0.222222222222222 0.000000000000000 -0.000000000000000 0.222222222222222 0.444444444444444 -0.000000000000000 0.000000000000000 
0.074074074074074 0.148148148148148 0.037037037037037 0.074074074074074 0.148148148148148 0.296296296296296 0.074074074074074 0.148148148148148 
0.037037037037037 0.074074074074074 0.074074074074074 0.148148148148148 0.074074074074074 0.148148148148148 0.148148148148148 0.296296296296296 
0.000000000000000 0.000000000000000 0.111111111111111 0.222222222222222 0.000000000000000 0.000000000000000 0.222222222222222 0.444444444444444 
0.000000000000000 0.333333333333333 -0.000000000000000 -0.000000000000000 0.000000000000000 0.666666666666667 0.000000000000000 0.000000000000000 
0.000000000000000 0.222222222222222 -0.000000000000000 0.111111111111111 0.000000000000000 0.444444444444444 0.000000000000000 0.222222222222222 
0.000000000000000 0.111111111111111 0.000000000000000 0.222222222222222 0.000000000000000 0.222222222222222 0.000000000000000 0.444444444444444 
0.000000000000000 0.000000000000000 0.000000000000000 0.333333333333333 0.000000000000000 0.000000000000000 0.000000000000000 0.666666666666667 
0.000000000000000 0.000000000000000 0.000000000000000 0.000000000000000 1.000000000000000 0.000000000000000 0.000000000000000 0.000000000000000 
-0.000000000000000 0.000000000000000 0.000000000000000 -0.000000000000000 0.666666666666667 -0.000000000000000 0.333333333333333 0.000000000000000 
0.000000000000000 -0.000000000000000 -0.000000000000000 0.000000000000000 0.333333333333333 -0.000000000000000 0.666666666666667 0.000000000000000 
0.000000000000000 0.000000000000000 0.000000000000000 0.000000000000000 0.000000000000000 0.000000000000000 1.000000000000000 0.000000000000000 
-0.000000000000000 0.000000000000000 0.000000000000000 -0.000000000000000 0.666666666666667 0.333333333333333 -0.000000000000000 0.000000000000000 
0.000000000000000 0.000000000000000 0.000000000000000 0.000000000000000 0.444444444444444 0.222222222222222 0.222222222222222 0.111111111111111 
0.000000000000000 -0.000000000000000 -0.000000000000000 0.000000000000000 0.222222222222222 0.111111111111111 0.444444444444444 0.222222222222222 
0.000000000000000 -0.000000000000000 -0.000000000000000 0.000000000000000 -0.000000000000000 0.000000000000000 0.666666666666667 0.333333333333333 
0.000000000000000 -0.000000000000000 -0.000000000000000 0.000000000000000 0.333333333333333 0.666666666666667 -0.000000000000000 0.000000000000000 
0.000000000000000 -0.000000000000000 -0.000000000000000 0.000000000000000 0.222222222222222 0.444444444444444 0.111111111111111 0.222222222222222 
0.000000000000000 0.000000000000000 0.000000000000000 0.000000000000000 0.111111111111111 0.222222222222222 0.222222222222222 0.444444444444444 
0.000000000000000 0.000000000000000 0.000000000000000 0.000000000000000 0.000000000000000 0.000000000000000 0.333333333333333 0.666666666666667 
0.000000000000000 0.000000000000000 0.000000000000000 0.000000000000000 0.000000000000000 1.000000000000000 0.000000000000000 0.000000000000000 
0.000000000000000 0.000000000000000 0.000000000000000 0.000000000000000 0.000000000000000 0.666666666666667 0.000000000000000 0.333333333333333 
0.000000000000000 0.000000000000000 0.000000000000000 0.000000000000000 0.000000000000000 0.333333333333333 0.000000000000000 0.666666666666667 
0.000000000000000 0.000000000000000 0.000000000000000 0.000000000000000 0.000000000000000 0.000000000000000 0.000000000000000 1.000000000000000 
******************************************
Plotting triangulation
162 4
35 23 39 38 
49 48 36 52 
26 11 10 23 
22 34 21 37 
11 14 15 27 
16 1 17 4 
17 1 5 4 
32 16 17 20 
50 49 34 37 
53 52 49 37 
36 33 49 37 
17 4 5 20 
16 4 17 20 
19 7 23 22 
49 33 34 37 
17 5 21 20 
54 53 50 38 
53 41 56 40 
1 16 0 4 
8 5 4 20 
35 22 23 38 
28 41 25 40 
35 34 22 38 
2 17 1 5 
58 46 62 61 
54 42 57 41 
22 21 25 37 
33 21 37 36 
49 36 37 52 
53 49 50 37 
33 17 21 20 
32 17 33 20 
21 34 33 37 
35 19 23 22 
26 10 13 25 
33 21 36 20 
32 33 36 20 
48 32 33 36 
48 33 49 36 
51 54 50 38 
19 3 7 6 
38 25 41 37 
53 41 40 37 
38 22 25 37 
25 28 12 13 
38 26 42 41 
22 6 7 10 
38 50 34 37 
22 6 10 9 
35 39 51 38 
38 53 50 37 
35 51 50 38 
35 50 34 38 
25 28 24 12 
23 22 10 26 
38 34 22 37 
51 39 55 54 
51 39 54 38 
56 40 41 44 
9 24 21 8 
25 10 13 9 
39 43 55 42 
39 27 43 42 
31 27 30 43 
22 7 23 10 
21 34 18 33 
21 18 17 33 
18 21 17 5 
2 18 17 5 
43 27 30 42 
54 38 42 41 
21 6 9 5 
21 18 6 5 
18 2 6 5 
6 18 3 2 
18 3 19 6 
57 44 60 56 
19 6 7 22 
39 27 26 23 
18 6 19 22 
19 34 18 22 
22 34 18 21 
21 18 22 6 
21 22 9 6 
35 34 19 22 
27 11 26 23 
23 7 11 10 
59 46 62 58 
39 23 26 38 
23 22 26 38 
41 45 57 44 
41 44 57 56 
29 25 26 13 
55 43 59 58 
43 42 46 58 
59 43 46 58 
26 14 10 11 
42 43 55 58 
15 27 30 31 
26 13 10 14 
54 42 58 57 
53 38 41 37 
25 21 24 37 
39 42 54 38 
39 26 42 38 
39 27 42 26 
27 30 42 26 
25 21 9 24 
8 24 21 20 
47 62 63 59 
42 58 55 54 
39 42 55 54 
57 45 61 60 
43 42 30 46 
31 43 30 46 
47 46 62 59 
47 43 46 59 
31 43 46 47 
25 24 40 37 
24 36 21 20 
9 21 5 8 
8 21 5 20 
53 56 52 40 
53 40 52 37 
52 36 37 40 
41 25 40 37 
53 57 56 41 
58 46 61 45 
54 41 57 53 
57 45 60 44 
28 25 24 40 
24 37 21 36 
54 38 41 53 
13 25 9 12 
58 45 61 57 
22 21 9 25 
40 37 24 36 
30 46 42 45 
58 46 45 42 
58 45 57 42 
57 45 41 42 
30 29 26 14 
25 22 10 9 
14 30 15 27 
29 44 41 28 
12 9 8 24 
29 28 41 25 
30 42 26 29 
29 42 26 41 
44 41 28 40 
12 25 9 24 
29 41 26 25 
45 44 41 29 
38 25 26 41 
38 22 26 25 
26 22 10 25 
14 29 26 13 
45 42 29 41 
30 42 29 45 
29 28 25 13 
11 14 27 26 
14 30 27 26 
******************************************
C0 overlapping patch forward matrix
4 4
-0.333333333333333 -0.333333333333333 -0.333333333333333 -0.333333333333333 
0.527046276694730 0.263523138347365 -0.263523138347365 -0.527046276694729 
0.333333333333334 -0.333333333333333 0.333333333333333 -0.333333333333333 
0.527046276694730 -0.263523138347366 -0.263523138347364 0.527046276694730 
******************************************
C0 overlapping patch diagonal scaling
4 1
0.000000000000000 
0.250000000000000 
1.000000000000000 
0.750000000000000 
******************************************
C0 overlapping patch backward matrix
4 4
-0.500000000000000 0.632455532033676 0.500000000000000 0.632455532033676 
-0.500000000000000 0.316227766016838 -0.499999999999999 -0.316227766016838 
-0.500000000000000 -0.316227766016838 0.500000000000000 -0.316227766016838 
-0.500000000000000 -0.632455532033675 -0.500000000000001 0.632455532033676 
******************************************
IPDG overlapping patch forward matrix
4 4
0.500000000000000 0.500000000000000 0.500000000000000 0.500000000000000 
-0.500000000000001 -0.500000000000001 0.499999999999999 0.499999999999999 
0.499999999999999 -0.499999999999999 0.500000000000000 -0.500000000000001 
-0.500000000000000 0.500000000000000 0.499999999999999 -0.499999999999999 
******************************************
IPDG overlapping patch diagonal scaling
4 1
0.249999999999998 
0.749999999999998 
7.249999999999997 
7.749999999999998 
******************************************
IPDG overlapping patch backward matrix
4 4
0.499999999999999 -0.500000000000000 0.499999999999999 -0.500000000000001 
0.499999999999999 -0.500000000000000 -0.500000000000000 0.500000000000001 
0.500000000000001 0.500000000000000 0.500000000000001 0.499999999999999 
0.500000000000001 0.500000000000000 -0.500000000000001 -0.499999999999999 
******************************************
Gauss Legendre 1D quadrature nodes
3 1
-0.774596669241483 
-0.000000000000000 
0.774596669241483 
******************************************
Gauss Legendre 1D quadrature weights
3 1
0.555555555555556 
0.888888888888889 
0.555555555555556 
******************************************
GLL to Gauss Legendre interpolation matrix
3 2
0.887298334620742 0.112701665379258 
0.500000000000000 0.500000000000000 
0.112701665379258 0.887298334620742 
******************************************
GLL to Gauss Legendre differentiation matrix
3 2
-0.500000000000000 0.500000000000000 
-0.500000000000000 0.500000000000000 
-0.500000000000000 0.500000000000000 
******************************************
Gauss Legendre to Gauss Legendre differentiation matrix
3 3
-1.936491673103709 2.581988897471611 -0.645497224367903 
-0.645497224367903 0.000000000000000 0.645497224367903 
0.645497224367903 -2.581988897471611 1.936491673103708 
******************************************
Quadrature r-coordinates
5 1
-0.906179845938664 
-0.538469310105683 
-0.000000000000000 
0.538469310105683 
0.906179845938664 
******************************************
Quadrature weights
5 1
0.236926885056189 
0.478628670499366 
0.568888888888889 
0.478628670499367 
0.236926885056189 
******************************************
Quadrature Interpolation Matrix
5 2
0.953089922969332 0.046910077030668 
0.769234655052841 0.230765344947158 
0.500000000000000 0.500000000000000 
0.230765344947159 0.769234655052841 
0.046910077030668 0.953089922969332 
******************************************
Quadrature Weak D Differentiation Matrix
5 5
-5.067040595654539 -0.960256023631958 0.301168159727832 -0.244416615279368 0.551766850963316 
7.701952085172241 -0.758353217167876 -1.435388242334742 0.928558026643835 -1.960399115833280 
-4.043543754387663 2.402750652164300 0.000000000000001 -2.402750652164301 4.043543754387667 
1.960399115833278 -0.928558026643834 1.435388242334740 0.758353217167879 -7.701952085172239 
-0.551766850963316 0.244416615279368 -0.301168159727831 0.960256023631956 5.067040595654537 
******************************************
Quadrature Differentiation Matrix
5 5
-5.067040595654539 7.701952085172241 -4.043543754387663 1.960399115833278 -0.551766850963316 
-0.960256023631958 -0.758353217167876 2.402750652164300 -0.928558026643834 0.244416615279368 
0.301168159727832 -1.435388242334742 0.000000000000001 1.435388242334740 -0.301168159727831 
-0.244416615279368 0.928558026643835 -2.402750652164301 0.758353217167879 0.960256023631956 
0.551766850963316 -1.960399115833280 4.043543754387667 -7.701952085172239 5.067040595654537 
******************************************
Quadrature Projection Matrix
2 5
0.953089922969332 0.769234655052841 0.500000000000000 0.230765344947159 0.046910077030668 
0.046910077030668 0.230765344947158 0.500000000000000 0.769234655052841 0.953089922969332 
******************************************
1D degree raise matrix
3 2
1.000000000000000 0.000000000000000 
0.500000000000000 0.500000000000000 
0.000000000000000 1.000000000000000 
******************************************
1D degree lower matrix
1 2
0.500000000000000 0.500000000000000 
******************************************
SEMFEM reference mesh
1 8
0 1 3 2 4 5 7 6 
