% degree N
1
% number of nodes
8
% node coordinates
-1.000000000000000E+00 -1.000000000000000E+00 -1.000000000000000E+00
1.000000000000000E+00 -1.000000000000000E+00 -1.000000000000000E+00
-1.000000000000000E+00 1.000000000000000E+00 -1.000000000000000E+00
1.000000000000000E+00 1.000000000000000E+00 -1.000000000000000E+00
-1.000000000000000E+00 -1.000000000000000E+00 1.000000000000000E+00
1.000000000000000E+00 -1.000000000000000E+00 1.000000000000000E+00
-1.000000000000000E+00 1.000000000000000E+00 1.000000000000000E+00
1.000000000000000E+00 1.000000000000000E+00 1.000000000000000E+00
% faceNodes
0 1 2 3 
0 1 4 5 
1 3 5 7 
2 3 6 7 
0 2 4 6 
4 5 6 7 
% D (1D) matrix
-5.000000000000001E-01 5.000000000000001E-01 
-5.000000000000001E-01 5.000000000000001E-01 
% r (1D) gll nodes
-1.000000000000000E+00 
1.000000000000000E+00 
% w (1D) gll node weights
1.000000000000000E+00 
1.000000000000000E+00 
% number of plot nodes
8
% plot node coordinates
-1.000000000000000E+00 -1.000000000000000E+00 -1.000000000000000E+00
-1.000000000000000E+00 1.000000000000000E+00 -1.000000000000000E+00
1.000000000000000E+00 -1.000000000000000E+00 -1.000000000000000E+00
1.000000000000000E+00 1.000000000000000E+00 -1.000000000000000E+00
-1.000000000000000E+00 -1.000000000000000E+00 1.000000000000000E+00
-1.000000000000000E+00 1.000000000000000E+00 1.000000000000000E+00
1.000000000000000E+00 -1.000000000000000E+00 1.000000000000000E+00
1.000000000000000E+00 1.000000000000000E+00 1.000000000000000E+00
% plot node interpolation matrix
1.000000000000000E+00 0.000000000000000E+00 0.000000000000000E+00 -0.000000000000000E+00 0.000000000000000E+00 -0.000000000000000E+00 -0.000000000000000E+00 0.000000000000000E+00 
-2.140238483643728E-17 -2.140238483643728E-17 1.000000000000000E+00 -6.072353716589551E-18 -6.072353716589580E-18 8.457697665077833E-17 -6.072353716589571E-18 8.457697665077834E-17 
-0.000000000000000E+00 1.000000000000000E+00 -1.214470743317915E-17 -1.214470743317912E-17 -1.214470743317917E-17 -1.214470743317914E-17 7.850462293418876E-17 7.850462293418877E-17 
-3.302114349809940E-16 -2.093456611578367E-16 -2.093456611578367E-16 9.999999999999999E-01 -1.282745595599460E-16 -1.735992247436300E-16 -1.735992247436300E-16 -2.189238899273139E-16 
-7.302787636669751E-18 -7.302787636669751E-18 -7.302787636669751E-18 9.867657385054588E-17 1.000000000000000E+00 -6.072353716589571E-18 -6.072353716589571E-18 8.457697665077834E-17 
-6.657447578801794E-17 -6.657447578801794E-17 -1.194568763881216E-16 -1.194568763881216E-16 -1.194568763881216E-16 -1.194568763881216E-16 9.999999999999999E-01 -1.570092458683775E-16 
-0.000000000000000E+00 0.000000000000000E+00 -3.791607659563806E-17 -8.324074177932202E-17 -2.093456611578367E-16 9.999999999999999E-01 -7.546844607589399E-17 -1.207931112595779E-16 
-0.000000000000000E+00 0.000000000000000E+00 1.812986607347358E-16 1.812986607347358E-16 0.000000000000000E+00 -0.000000000000000E+00 1.812986607347358E-16 1.000000000000000E+00 
% number of plot elements
6
% number of vertices per plot elements
4
% triangulation of plot nodes
5 1 2 0
5 4 2 0
5 3 1 2
5 3 7 2
5 6 4 2
5 6 7 2
% stencil size for OAS NqP
4
% invP [ change of basis for OAS precon ]
-3.333333333333331E-01 -3.333333333333334E-01 -3.333333333333332E-01 -3.333333333333335E-01 
5.270462766947299E-01 2.635231383473650E-01 -2.635231383473651E-01 -5.270462766947296E-01 
3.333333333333336E-01 -3.333333333333331E-01 3.333333333333333E-01 -3.333333333333333E-01 
5.270462766947303E-01 -2.635231383473656E-01 -2.635231383473642E-01 5.270462766947297E-01 
% diagOp [ weight so that inv(W(trans(D)*W*D)) = P*inv(diagOp)*invP ]
0.000000000000000E+00 
2.499999999999999E-01 
1.000000000000000E+00 
7.500000000000002E-01 
% P [ reverse change of basis for OAS precon ]
-4.999999999999998E-01 6.324555320336762E-01 4.999999999999996E-01 6.324555320336757E-01 
-5.000000000000002E-01 3.162277660168380E-01 -4.999999999999992E-01 -3.162277660168379E-01 
-5.000000000000000E-01 -3.162277660168382E-01 5.000000000000006E-01 -3.162277660168379E-01 
-5.000000000000001E-01 -6.324555320336754E-01 -5.000000000000010E-01 6.324555320336761E-01 
% stencil size for DG OAS NqP
4
% forwardDG [ change of basis for DG OAS precon ]
4.999999999999977E-01 4.999999999999979E-01 5.000000000000020E-01 5.000000000000020E-01 
5.000000000000021E-01 5.000000000000022E-01 -4.999999999999979E-01 -4.999999999999978E-01 
-5.000000000000008E-01 5.000000000000007E-01 -4.999999999999993E-01 4.999999999999992E-01 
4.999999999999992E-01 -4.999999999999991E-01 -5.000000000000010E-01 5.000000000000010E-01 
% diagOpDG [ weight so that inv(W(trans(D)*W*D)) = P*inv(diagOp)*invP ]
2.499999999999999E-01 
7.499999999999996E-01 
7.249999999999999E+00 
7.749999999999999E+00 
% backwardDG [ reverse change of basis forr H0 OAS precon ]
4.999999999999978E-01 5.000000000000021E-01 -5.000000000000009E-01 4.999999999999992E-01 
4.999999999999981E-01 5.000000000000021E-01 5.000000000000008E-01 -4.999999999999992E-01 
5.000000000000022E-01 -4.999999999999978E-01 -4.999999999999991E-01 -5.000000000000007E-01 
5.000000000000022E-01 -4.999999999999979E-01 4.999999999999991E-01 5.000000000000007E-01 
