% degree N
1
% number of nodes
8
% node coordinates
-1.000000000000000E+00 -1.000000000000000E+00 -1.000000000000000E+00
1.000000000000000E+00 -1.000000000000000E+00 -1.000000000000000E+00
-1.000000000000000E+00 1.000000000000000E+00 -1.000000000000000E+00
1.000000000000000E+00 1.000000000000000E+00 -1.000000000000000E+00
-1.000000000000000E+00 -1.000000000000000E+00 1.000000000000000E+00
1.000000000000000E+00 -1.000000000000000E+00 1.000000000000000E+00
-1.000000000000000E+00 1.000000000000000E+00 1.000000000000000E+00
1.000000000000000E+00 1.000000000000000E+00 1.000000000000000E+00
% faceNodes
0 1 2 3 
0 1 4 5 
1 3 5 7 
2 3 6 7 
0 2 4 6 
4 5 6 7 
% D (1D) matrix
-5.000000000000001E-01 5.000000000000001E-01 
-5.000000000000001E-01 5.000000000000001E-01 
% r (1D) gll nodes
-1.000000000000000E+00 
1.000000000000000E+00 
% w (1D) gll node weights
1.000000000000000E+00 
1.000000000000000E+00 
% number of plot nodes
8
% plot node coordinates
-1.000000000000000E+00 -1.000000000000000E+00 -1.000000000000000E+00
-1.000000000000000E+00 1.000000000000000E+00 -1.000000000000000E+00
1.000000000000000E+00 -1.000000000000000E+00 -1.000000000000000E+00
1.000000000000000E+00 1.000000000000000E+00 -1.000000000000000E+00
-1.000000000000000E+00 -1.000000000000000E+00 1.000000000000000E+00
-1.000000000000000E+00 1.000000000000000E+00 1.000000000000000E+00
1.000000000000000E+00 -1.000000000000000E+00 1.000000000000000E+00
1.000000000000000E+00 1.000000000000000E+00 1.000000000000000E+00
% plot node interpolation matrix
1.000000000000000E+00 0.000000000000000E+00 0.000000000000000E+00 0.000000000000000E+00 0.000000000000000E+00 0.000000000000000E+00 0.000000000000000E+00 0.000000000000000E+00 
0.000000000000000E+00 0.000000000000000E+00 1.000000000000000E+00 0.000000000000000E+00 0.000000000000000E+00 0.000000000000000E+00 0.000000000000000E+00 0.000000000000000E+00 
0.000000000000000E+00 1.000000000000000E+00 0.000000000000000E+00 0.000000000000000E+00 0.000000000000000E+00 0.000000000000000E+00 0.000000000000000E+00 0.000000000000000E+00 
0.000000000000000E+00 0.000000000000000E+00 0.000000000000000E+00 1.000000000000000E+00 0.000000000000000E+00 0.000000000000000E+00 0.000000000000000E+00 0.000000000000000E+00 
0.000000000000000E+00 0.000000000000000E+00 0.000000000000000E+00 0.000000000000000E+00 1.000000000000000E+00 0.000000000000000E+00 0.000000000000000E+00 0.000000000000000E+00 
0.000000000000000E+00 0.000000000000000E+00 0.000000000000000E+00 0.000000000000000E+00 0.000000000000000E+00 0.000000000000000E+00 1.000000000000000E+00 0.000000000000000E+00 
0.000000000000000E+00 0.000000000000000E+00 0.000000000000000E+00 0.000000000000000E+00 0.000000000000000E+00 1.000000000000000E+00 0.000000000000000E+00 0.000000000000000E+00 
0.000000000000000E+00 0.000000000000000E+00 0.000000000000000E+00 0.000000000000000E+00 0.000000000000000E+00 0.000000000000000E+00 0.000000000000000E+00 1.000000000000000E+00 
% number of plot elements
6
% number of vertices per plot elements
4
% triangulation of plot nodes
4 0 1 2
5 4 1 2
5 6 4 2
5 3 6 2
5 1 3 2
5 7 6 3
% stencil size for OAS NqP
4
% invP [ change of basis for OAS precon ]
-3.333333333333330E-01 -3.333333333333333E-01 -3.333333333333331E-01 -3.333333333333334E-01 
5.270462766947298E-01 2.635231383473649E-01 -2.635231383473650E-01 -5.270462766947295E-01 
3.333333333333336E-01 -3.333333333333332E-01 3.333333333333333E-01 -3.333333333333333E-01 
5.270462766947301E-01 -2.635231383473656E-01 -2.635231383473641E-01 5.270462766947296E-01 
% diagOp [ weight so that inv(inv(W)*(trans(D)*W*D)) = P*inv(diagOp)*invP ]
0.000000000000000E+00 
2.499999999999999E-01 
1.000000000000000E+00 
7.500000000000002E-01 
% P [ reverse change of basis for OAS precon ]
-4.999999999999998E-01 6.324555320336762E-01 4.999999999999995E-01 6.324555320336757E-01 
-5.000000000000002E-01 3.162277660168379E-01 -4.999999999999991E-01 -3.162277660168379E-01 
-5.000000000000000E-01 -3.162277660168382E-01 5.000000000000004E-01 -3.162277660168379E-01 
-5.000000000000001E-01 -6.324555320336754E-01 -5.000000000000009E-01 6.324555320336761E-01 
% stencil size for DG OAS NqP
4
% forwardDG [ change of basis for DG OAS precon ]
4.999999999999996E-01 4.999999999999997E-01 5.000000000000002E-01 5.000000000000001E-01 
-5.000000000000007E-01 -5.000000000000007E-01 4.999999999999994E-01 4.999999999999992E-01 
4.999999999999988E-01 -4.999999999999989E-01 5.000000000000004E-01 -5.000000000000006E-01 
-5.000000000000004E-01 5.000000000000003E-01 4.999999999999989E-01 -4.999999999999991E-01 
% diagOpDG [ weight so that inv(inv(W)*(trans(D)*W*D)) = P*inv(diagOp)*invP ]
2.499999999999983E-01 
7.499999999999984E-01 
7.249999999999997E+00 
7.749999999999998E+00 
% backwardDG [ reverse change of basis forr H0 OAS precon ]
4.999999999999993E-01 -5.000000000000003E-01 4.999999999999994E-01 -5.000000000000009E-01 
4.999999999999993E-01 -5.000000000000003E-01 -4.999999999999996E-01 5.000000000000010E-01 
5.000000000000008E-01 4.999999999999997E-01 5.000000000000009E-01 4.999999999999993E-01 
5.000000000000006E-01 4.999999999999997E-01 -5.000000000000010E-01 -4.999999999999994E-01 
% gNq (gauss quadrature count)
3
% gjr,gjw Gauss Jacobi nodes and weights
-7.745966692414833E-01 5.555555555555558E-01 
-4.510281037539698E-17 8.888888888888885E-01 
7.745966692414834E-01 5.555555555555558E-01 
% gjI [ 1D interpolation from GLL to Gauss nodes  ]
8.872983346207417E-01 1.127016653792583E-01 
5.000000000000000E-01 5.000000000000000E-01 
1.127016653792582E-01 8.872983346207418E-01 
% gjD [ 1D differentiation from GLL to Gauss nodes  ]
-5.000000000000001E-01 5.000000000000001E-01 
-5.000000000000001E-01 5.000000000000001E-01 
-5.000000000000001E-01 5.000000000000001E-01 
