******************************************
Nodal r-coordinates
27 1
-1.000000000000000 
0.000000000000000 
1.000000000000000 
-1.000000000000000 
0.000000000000000 
1.000000000000000 
-1.000000000000000 
0.000000000000000 
1.000000000000000 
-1.000000000000000 
0.000000000000000 
1.000000000000000 
-1.000000000000000 
0.000000000000000 
1.000000000000000 
-1.000000000000000 
0.000000000000000 
1.000000000000000 
-1.000000000000000 
0.000000000000000 
1.000000000000000 
-1.000000000000000 
0.000000000000000 
1.000000000000000 
-1.000000000000000 
0.000000000000000 
1.000000000000000 
******************************************
Nodal s-coordinates
27 1
-1.000000000000000 
-1.000000000000000 
-1.000000000000000 
0.000000000000000 
0.000000000000000 
0.000000000000000 
1.000000000000000 
1.000000000000000 
1.000000000000000 
-1.000000000000000 
-1.000000000000000 
-1.000000000000000 
0.000000000000000 
0.000000000000000 
0.000000000000000 
1.000000000000000 
1.000000000000000 
1.000000000000000 
-1.000000000000000 
-1.000000000000000 
-1.000000000000000 
0.000000000000000 
0.000000000000000 
0.000000000000000 
1.000000000000000 
1.000000000000000 
1.000000000000000 
******************************************
Nodal t-coordinates
27 1
-1.000000000000000 
-1.000000000000000 
-1.000000000000000 
-1.000000000000000 
-1.000000000000000 
-1.000000000000000 
-1.000000000000000 
-1.000000000000000 
-1.000000000000000 
0.000000000000000 
0.000000000000000 
0.000000000000000 
0.000000000000000 
0.000000000000000 
0.000000000000000 
0.000000000000000 
0.000000000000000 
0.000000000000000 
1.000000000000000 
1.000000000000000 
1.000000000000000 
1.000000000000000 
1.000000000000000 
1.000000000000000 
1.000000000000000 
1.000000000000000 
1.000000000000000 
******************************************
Nodal Face nodes
6 9
0 1 2 3 4 5 6 7 8 
0 1 2 9 10 11 18 19 20 
2 5 8 11 14 17 20 23 26 
6 7 8 15 16 17 24 25 26 
0 3 6 9 12 15 18 21 24 
18 19 20 21 22 23 24 25 26 
******************************************
Nodal 1D GLL Nodes
3 1
-1.000000000000000 
0.000000000000000 
1.000000000000000 
******************************************
Nodal 1D GLL Weights
3 1
0.333333333333333 
1.333333333333333 
0.333333333333333 
******************************************
Nodal 1D differentiation matrix
3 3
-1.500000000000000 2.000000000000000 -0.500000000000000 
-0.500000000000000 0.000000000000000 0.500000000000000 
0.500000000000000 -2.000000000000000 1.500000000000000 
******************************************
Plotting r-coordinates
8 1
-1.000000000000000 
-1.000000000000000 
1.000000000000000 
1.000000000000000 
-1.000000000000000 
-1.000000000000000 
1.000000000000000 
1.000000000000000 
******************************************
Plotting s-coordinates
8 1
-1.000000000000000 
1.000000000000000 
-1.000000000000000 
1.000000000000000 
-1.000000000000000 
1.000000000000000 
-1.000000000000000 
1.000000000000000 
******************************************
Plotting t-coordinates
8 1
-1.000000000000000 
-1.000000000000000 
-1.000000000000000 
-1.000000000000000 
1.000000000000000 
1.000000000000000 
1.000000000000000 
1.000000000000000 
******************************************
Plotting Interpolation Matrix
8 27
1.000000000000000 0.000000000000000 0.000000000000000 0.000000000000000 -0.000000000000000 -0.000000000000000 0.000000000000000 -0.000000000000000 0.000000000000000 0.000000000000000 -0.000000000000000 -0.000000000000000 -0.000000000000000 0.000000000000000 0.000000000000000 -0.000000000000000 0.000000000000000 0.000000000000000 0.000000000000000 -0.000000000000000 0.000000000000000 -0.000000000000000 0.000000000000000 0.000000000000000 0.000000000000000 0.000000000000000 -0.000000000000000 
0.000000000000000 0.000000000000000 0.000000000000000 0.000000000000000 0.000000000000000 0.000000000000000 1.000000000000000 0.000000000000000 0.000000000000000 0.000000000000000 0.000000000000000 0.000000000000000 0.000000000000000 0.000000000000000 0.000000000000000 0.000000000000000 0.000000000000000 0.000000000000000 0.000000000000000 0.000000000000000 0.000000000000000 0.000000000000000 0.000000000000000 0.000000000000000 0.000000000000000 0.000000000000000 0.000000000000000 
0.000000000000000 0.000000000000000 1.000000000000000 0.000000000000000 0.000000000000000 0.000000000000000 0.000000000000000 0.000000000000000 0.000000000000000 0.000000000000000 0.000000000000000 0.000000000000000 0.000000000000000 0.000000000000000 0.000000000000000 0.000000000000000 0.000000000000000 0.000000000000000 0.000000000000000 0.000000000000000 0.000000000000000 0.000000000000000 0.000000000000000 0.000000000000000 0.000000000000000 0.000000000000000 0.000000000000000 
0.000000000000000 0.000000000000000 0.000000000000000 0.000000000000000 0.000000000000000 0.000000000000000 0.000000000000000 0.000000000000000 1.000000000000000 0.000000000000000 0.000000000000000 0.000000000000000 0.000000000000000 0.000000000000000 0.000000000000000 0.000000000000000 0.000000000000000 0.000000000000000 0.000000000000000 0.000000000000000 0.000000000000000 0.000000000000000 0.000000000000000 0.000000000000000 0.000000000000000 0.000000000000000 0.000000000000000 
0.000000000000000 0.000000000000000 0.000000000000000 0.000000000000000 0.000000000000000 0.000000000000000 0.000000000000000 0.000000000000000 0.000000000000000 0.000000000000000 0.000000000000000 0.000000000000000 0.000000000000000 0.000000000000000 0.000000000000000 0.000000000000000 0.000000000000000 0.000000000000000 1.000000000000000 0.000000000000000 0.000000000000000 0.000000000000000 0.000000000000000 0.000000000000000 0.000000000000000 0.000000000000000 0.000000000000000 
0.000000000000000 0.000000000000000 0.000000000000000 0.000000000000000 0.000000000000000 0.000000000000000 0.000000000000000 0.000000000000000 0.000000000000000 0.000000000000000 0.000000000000000 0.000000000000000 0.000000000000000 0.000000000000000 0.000000000000000 0.000000000000000 0.000000000000000 0.000000000000000 0.000000000000000 0.000000000000000 0.000000000000000 0.000000000000000 0.000000000000000 0.000000000000000 1.000000000000000 0.000000000000000 0.000000000000000 
0.000000000000000 0.000000000000000 0.000000000000000 0.000000000000000 0.000000000000000 0.000000000000000 0.000000000000000 0.000000000000000 0.000000000000000 0.000000000000000 0.000000000000000 0.000000000000000 0.000000000000000 0.000000000000000 0.000000000000000 0.000000000000000 0.000000000000000 0.000000000000000 0.000000000000000 0.000000000000000 1.000000000000000 0.000000000000000 0.000000000000000 0.000000000000000 0.000000000000000 0.000000000000000 0.000000000000000 
0.000000000000000 0.000000000000000 0.000000000000000 0.000000000000000 0.000000000000000 0.000000000000000 0.000000000000000 0.000000000000000 0.000000000000000 0.000000000000000 0.000000000000000 0.000000000000000 0.000000000000000 0.000000000000000 0.000000000000000 0.000000000000000 0.000000000000000 0.000000000000000 0.000000000000000 0.000000000000000 0.000000000000000 0.000000000000000 0.000000000000000 0.000000000000000 0.000000000000000 0.000000000000000 1.000000000000000 
******************************************
Plotting triangulation
6 4
5 1 2 0 
5 4 2 0 
5 3 1 2 
5 3 7 2 
5 6 4 2 
5 6 7 2 
******************************************
C0 overlapping patch forward matrix
5 5
0.227797142684450 -0.791841434767612 0.455594285368901 -0.791841434767612 0.227797142684450 
0.377629768813151 -0.819896389581046 -0.000000000000000 0.819896389581046 -0.377629768813151 
0.433012701892220 -0.000000000000000 -0.433012701892219 -0.000000000000000 0.433012701892219 
0.288840614498510 0.498562442820067 0.577681228997018 0.498562442820068 0.288840614498509 
-0.506253707670034 -0.466342998987771 -0.000000000000000 0.466342998987771 0.506253707670033 
******************************************
C0 overlapping patch diagonal scaling
5 1
5.476081505835603 
4.171164609606619 
1.999999999999999 
0.273918494164399 
1.078835390393378 
******************************************
C0 overlapping patch backward matrix
5 5
0.182070289668505 0.295812529629829 0.577350269189625 0.289173004256351 -0.520079910200803 
-0.632891166678822 -0.642257695410496 -0.000000000000001 0.499136174633806 -0.479079207444369 
0.364140579337010 -0.000000000000000 -0.577350269189626 0.578346008512702 0.000000000000000 
-0.632891166678822 0.642257695410496 -0.000000000000000 0.499136174633807 0.479079207444369 
0.182070289668505 -0.295812529629829 0.577350269189626 0.289173004256351 0.520079910200803 
******************************************
IPDG overlapping patch forward matrix
5 5
1.483787076506544 -1.516039548162311 -0.000000000000000 1.516039548162304 -1.483787076506539 
-1.517990442731233 1.480429867990237 0.033940105887364 1.480429867990242 -1.517990442731238 
0.574789330390340 0.549722053788095 0.864755148236622 0.549722053788096 0.574789330390339 
1.078541840629248 1.138940046244539 -0.720455267758263 1.138940046244534 1.078541840629241 
-1.516039548162308 -1.483787076506540 -0.000000000000001 1.483787076506542 1.516039548162309 
******************************************
IPDG overlapping patch diagonal scaling
5 1
49.755375722615192 
47.278902051802191 
0.685124887896665 
5.035973060301132 
3.244624277384812 
******************************************
IPDG overlapping patch backward matrix
5 5
0.494595692168848 -0.506191254696656 0.405127375475835 0.462423989052493 -0.505346516054102 
-0.505346516054104 0.493666251956149 0.387459267452157 0.488319673503586 -0.494595692168846 
0.000000000000000 0.011317716040920 0.609503282526845 -0.308894644881173 -0.000000000000001 
0.505346516054101 0.493666251956151 0.387459267452158 0.488319673503585 0.494595692168848 
-0.494595692168846 -0.506191254696658 0.405127375475835 0.462423989052491 0.505346516054103 
******************************************
Gauss Legendre 1D quadrature nodes
4 1
-0.861136311594053 
-0.339981043584856 
0.339981043584856 
0.861136311594053 
******************************************
Gauss Legendre 1D quadrature weights
4 1
0.347854845137454 
0.652145154862546 
0.652145154862546 
0.347854845137454 
******************************************
GLL to Gauss Legendre interpolation matrix
4 3
0.801346029369931 0.258444252854191 -0.059790282224122 
0.227784076790952 0.884412890002952 -0.112196966793904 
-0.112196966793904 0.884412890002952 0.227784076790952 
-0.059790282224122 0.258444252854191 0.801346029369931 
******************************************
GLL to Gauss Legendre differentiation matrix
4 3
-1.361136311594053 1.722272623188105 -0.361136311594052 
-0.839981043584856 0.679962087169712 0.160018956415144 
-0.160018956415144 -0.679962087169712 0.839981043584856 
0.361136311594053 -1.722272623188105 1.361136311594052 
******************************************
Gauss Legendre to Gauss Legendre differentiation matrix
4 4
-3.332000236352281 4.860154415685196 -2.108782348495180 0.580628169162265 
-0.757557614799233 -0.384414392223210 1.470670231280717 -0.328698224258274 
0.328698224258274 -1.470670231280717 0.384414392223210 0.757557614799234 
-0.580628169162265 2.108782348495180 -4.860154415685196 3.332000236352281 
******************************************
Quadrature r-coordinates
4 1
-1.000000000000000 
-0.447213595499958 
0.447213595499958 
1.000000000000000 
******************************************
Quadrature weights
4 1
0.166666666666667 
0.833333333333334 
0.833333333333333 
0.166666666666667 
******************************************
Quadrature Interpolation Matrix
4 3
1.000000000000000 0.000000000000000 0.000000000000000 
0.323606797749979 0.800000000000000 -0.123606797749979 
-0.123606797749979 0.800000000000000 0.323606797749979 
0.000000000000000 0.000000000000000 1.000000000000000 
******************************************
Quadrature Weak D Differentiation Matrix
4 4
-2.999999999999999 -0.809016994374947 0.309016994374947 -0.499999999999999 
4.045084971874736 -0.000000000000000 -1.118033988749895 1.545084971874735 
-1.545084971874737 1.118033988749895 0.000000000000001 -4.045084971874737 
0.499999999999999 -0.309016994374947 0.809016994374947 3.000000000000000 
******************************************
Quadrature Differentiation Matrix
4 4
-2.999999999999999 4.045084971874736 -1.545084971874737 0.499999999999999 
-0.809016994374947 -0.000000000000000 1.118033988749895 -0.309016994374947 
0.309016994374947 -1.118033988749895 0.000000000000001 0.809016994374947 
-0.499999999999999 1.545084971874735 -4.045084971874737 3.000000000000000 
******************************************
Quadrature Projection Matrix
3 4
1.000000000000000 0.323606797749979 -0.123606797749979 0.000000000000000 
0.000000000000000 0.800000000000000 0.800000000000000 0.000000000000000 
0.000000000000000 -0.123606797749979 0.323606797749979 1.000000000000000 
******************************************
1D degree raise matrix
4 3
1.000000000000000 0.000000000000000 0.000000000000000 
0.323606797749979 0.800000000000000 -0.123606797749979 
-0.123606797749979 0.800000000000000 0.323606797749979 
0.000000000000000 0.000000000000000 1.000000000000000 
******************************************
1D degree lower matrix
2 3
1.000000000000000 0.000000000000000 0.000000000000000 
0.000000000000000 0.000000000000000 1.000000000000000 
******************************************
SEMFEM reference mesh
8 8
0 1 4 3 9 10 13 12 
1 2 5 4 10 11 14 13 
3 4 7 6 12 13 16 15 
4 5 8 7 13 14 17 16 
9 10 13 12 18 19 22 21 
10 11 14 13 19 20 23 22 
12 13 16 15 21 22 25 24 
13 14 17 16 22 23 26 25 
