******************************************
Nodal r-coordinates
4 1
-1.000000000000000 
1.000000000000000 
-1.000000000000000 
1.000000000000000 
******************************************
Nodal s-coordinates
4 1
-1.000000000000000 
-1.000000000000000 
1.000000000000000 
1.000000000000000 
******************************************
Nodal Dr differentiation matrix
4 4
-0.500000000000000 0.500000000000000 0.000000000000000 0.000000000000000 
-0.500000000000000 0.500000000000000 0.000000000000000 0.000000000000000 
0.000000000000000 0.000000000000000 -0.500000000000000 0.500000000000000 
0.000000000000000 0.000000000000000 -0.500000000000000 0.500000000000000 
******************************************
Nodal Ds differentiation matrix
4 4
-0.500000000000000 0.000000000000000 0.500000000000000 0.000000000000000 
0.000000000000000 -0.500000000000000 0.000000000000000 0.500000000000000 
-0.500000000000000 0.000000000000000 0.500000000000000 0.000000000000000 
0.000000000000000 -0.500000000000000 0.000000000000000 0.500000000000000 
******************************************
Nodal Face nodes
4 2
0 1 
1 3 
2 3 
0 2 
******************************************
Nodal Lift Matrix
4 8
2.000000000000000 0.000000000000000 -1.000000000000000 0.000000000000000 -1.000000000000000 0.000000000000000 2.000000000000000 0.000000000000000 
0.000000000000000 2.000000000000000 2.000000000000000 0.000000000000000 0.000000000000000 -1.000000000000000 -1.000000000000000 0.000000000000000 
-1.000000000000000 0.000000000000000 0.000000000000000 -1.000000000000000 2.000000000000000 0.000000000000000 0.000000000000000 2.000000000000000 
0.000000000000000 -1.000000000000000 0.000000000000000 2.000000000000000 0.000000000000000 2.000000000000000 0.000000000000000 -1.000000000000000 
******************************************
Nodal 1D GLL Nodes
2 1
-1.000000000000000 
1.000000000000000 
******************************************
Nodal 1D GLL Weights
2 1
1.000000000000000 
1.000000000000000 
******************************************
Nodal 1D differentiation matrix
2 2
-0.500000000000000 0.500000000000000 
-0.500000000000000 0.500000000000000 
******************************************
Plotting r-coordinates
25 1
-1.000000000000000 
-1.000000000000000 
-1.000000000000000 
-1.000000000000000 
-1.000000000000000 
-0.500000000000000 
-0.500000000000000 
-0.500000000000000 
-0.500000000000000 
-0.500000000000000 
0.000000000000000 
0.000000000000000 
0.000000000000000 
0.000000000000000 
0.000000000000000 
0.500000000000000 
0.500000000000000 
0.500000000000000 
0.500000000000000 
0.500000000000000 
1.000000000000000 
1.000000000000000 
1.000000000000000 
1.000000000000000 
1.000000000000000 
******************************************
Plotting s-coordinates
25 1
-1.000000000000000 
-0.500000000000000 
0.000000000000000 
0.500000000000000 
1.000000000000000 
-1.000000000000000 
-0.500000000000000 
0.000000000000000 
0.500000000000000 
1.000000000000000 
-1.000000000000000 
-0.500000000000000 
0.000000000000000 
0.500000000000000 
1.000000000000000 
-1.000000000000000 
-0.500000000000000 
0.000000000000000 
0.500000000000000 
1.000000000000000 
-1.000000000000000 
-0.500000000000000 
0.000000000000000 
0.500000000000000 
1.000000000000000 
******************************************
Plotting Interpolation Matrix
25 4
1.000000000000000 0.000000000000000 0.000000000000000 0.000000000000000 
0.750000000000000 0.000000000000000 0.250000000000000 0.000000000000000 
0.500000000000000 0.000000000000000 0.500000000000000 0.000000000000000 
0.250000000000000 -0.000000000000000 0.750000000000000 0.000000000000000 
0.000000000000000 0.000000000000000 1.000000000000000 0.000000000000000 
0.750000000000000 0.250000000000000 0.000000000000000 0.000000000000000 
0.562500000000000 0.187500000000000 0.187500000000000 0.062500000000000 
0.375000000000000 0.125000000000000 0.375000000000000 0.125000000000000 
0.187500000000000 0.062500000000000 0.562500000000000 0.187500000000000 
0.000000000000000 0.000000000000000 0.750000000000000 0.250000000000000 
0.500000000000000 0.500000000000000 0.000000000000000 0.000000000000000 
0.375000000000000 0.375000000000000 0.125000000000000 0.125000000000000 
0.250000000000000 0.250000000000000 0.250000000000000 0.250000000000000 
0.125000000000000 0.125000000000000 0.375000000000000 0.375000000000000 
0.000000000000000 0.000000000000000 0.500000000000000 0.500000000000000 
0.250000000000000 0.750000000000000 -0.000000000000000 0.000000000000000 
0.187500000000000 0.562500000000000 0.062500000000000 0.187500000000000 
0.125000000000000 0.375000000000000 0.125000000000000 0.375000000000000 
0.062500000000000 0.187500000000000 0.187500000000000 0.562500000000000 
-0.000000000000000 0.000000000000000 0.250000000000000 0.750000000000000 
0.000000000000000 1.000000000000000 0.000000000000000 0.000000000000000 
0.000000000000000 0.750000000000000 0.000000000000000 0.250000000000000 
0.000000000000000 0.500000000000000 0.000000000000000 0.500000000000000 
-0.000000000000000 0.250000000000000 0.000000000000000 0.750000000000000 
0.000000000000000 0.000000000000000 0.000000000000000 1.000000000000000 
******************************************
Plotting triangulation
32 3
8 3 7 
2 1 6 
17 16 21 
18 17 22 
12 7 11 
5 1 0 
2 7 3 
5 6 1 
15 20 16 
10 11 6 
6 5 10 
7 2 6 
17 18 13 
3 8 4 
11 7 6 
13 9 8 
12 8 7 
9 4 8 
13 14 9 
13 18 14 
23 24 19 
23 18 22 
12 11 16 
19 18 23 
19 14 18 
21 16 20 
17 12 16 
13 12 17 
13 8 12 
11 10 15 
11 15 16 
22 17 21 
******************************************
C0 overlapping patch forward matrix
4 4
-0.333333333333333 -0.333333333333333 -0.333333333333333 -0.333333333333333 
0.527046276694730 0.263523138347365 -0.263523138347365 -0.527046276694729 
0.333333333333334 -0.333333333333333 0.333333333333333 -0.333333333333333 
0.527046276694730 -0.263523138347366 -0.263523138347364 0.527046276694730 
******************************************
C0 overlapping patch diagonal scaling
4 1
0.000000000000000 
0.250000000000000 
1.000000000000000 
0.750000000000000 
******************************************
C0 overlapping patch backward matrix
4 4
-0.500000000000000 0.632455532033676 0.500000000000000 0.632455532033676 
-0.500000000000000 0.316227766016838 -0.499999999999999 -0.316227766016838 
-0.500000000000000 -0.316227766016838 0.500000000000000 -0.316227766016838 
-0.500000000000000 -0.632455532033675 -0.500000000000001 0.632455532033676 
******************************************
IPDG overlapping patch forward matrix
4 4
0.500000000000000 0.500000000000000 0.500000000000000 0.500000000000000 
-0.500000000000001 -0.500000000000001 0.499999999999999 0.499999999999999 
0.499999999999999 -0.499999999999999 0.500000000000000 -0.500000000000001 
-0.500000000000000 0.500000000000000 0.499999999999999 -0.499999999999999 
******************************************
IPDG overlapping patch diagonal scaling
4 1
0.249999999999998 
0.749999999999998 
7.249999999999997 
7.749999999999998 
******************************************
IPDG overlapping patch backward matrix
4 4
0.499999999999999 -0.500000000000000 0.499999999999999 -0.500000000000001 
0.499999999999999 -0.500000000000000 -0.500000000000000 0.500000000000001 
0.500000000000001 0.500000000000000 0.500000000000001 0.499999999999999 
0.500000000000001 0.500000000000000 -0.500000000000001 -0.499999999999999 
******************************************
Cubature r-coordinates
9 1
-0.774596669241483 
-0.774596669241483 
-0.774596669241483 
-0.000000000000000 
-0.000000000000000 
-0.000000000000000 
0.774596669241483 
0.774596669241483 
0.774596669241483 
******************************************
Cubature s-coordinates
9 1
-0.774596669241483 
-0.000000000000000 
0.774596669241483 
-0.774596669241483 
-0.000000000000000 
0.774596669241483 
-0.774596669241483 
-0.000000000000000 
0.774596669241483 
******************************************
Cubature weights
9 1
0.308641975308642 
0.493827160493827 
0.308641975308642 
0.493827160493827 
0.790123456790123 
0.493827160493827 
0.308641975308642 
0.493827160493827 
0.308641975308642 
******************************************
Cubature Interpolation Matrix
9 4
0.787298334620742 0.100000000000000 0.100000000000000 0.012701665379258 
0.443649167310371 0.056350832689629 0.443649167310371 0.056350832689629 
0.100000000000000 0.012701665379258 0.787298334620742 0.100000000000000 
0.443649167310371 0.443649167310371 0.056350832689629 0.056350832689629 
0.250000000000000 0.250000000000000 0.250000000000000 0.250000000000000 
0.056350832689629 0.056350832689629 0.443649167310371 0.443649167310371 
0.100000000000000 0.787298334620742 0.012701665379258 0.100000000000000 
0.056350832689629 0.443649167310371 0.056350832689629 0.443649167310371 
0.012701665379258 0.100000000000000 0.100000000000000 0.787298334620742 
******************************************
Cubature Weak Dr Differentiation Matrix
4 9
-0.769395835121401 -0.370370370370370 0.306432872158438 -1.231033336194241 -0.592592592592592 0.490292595453500 -0.769395835121401 -0.370370370370370 0.306432872158438 
0.769395835121401 0.370370370370370 -0.306432872158438 1.231033336194241 0.592592592592592 -0.490292595453500 0.769395835121401 0.370370370370370 -0.306432872158438 
0.306432872158438 -0.370370370370370 -0.769395835121401 0.490292595453500 -0.592592592592592 -1.231033336194241 0.306432872158438 -0.370370370370370 -0.769395835121401 
-0.306432872158438 0.370370370370370 0.769395835121401 -0.490292595453500 0.592592592592592 1.231033336194241 -0.306432872158438 0.370370370370370 0.769395835121401 
******************************************
Cubature Weak Ds Differentiation Matrix
4 9
-0.769395835121401 -1.231033336194241 -0.769395835121401 -0.370370370370370 -0.592592592592592 -0.370370370370370 0.306432872158438 0.490292595453500 0.306432872158438 
0.306432872158438 0.490292595453500 0.306432872158438 -0.370370370370370 -0.592592592592592 -0.370370370370370 -0.769395835121401 -1.231033336194241 -0.769395835121401 
0.769395835121401 1.231033336194241 0.769395835121401 0.370370370370370 0.592592592592592 0.370370370370370 -0.306432872158438 -0.490292595453500 -0.306432872158438 
-0.306432872158438 -0.490292595453500 -0.306432872158438 0.370370370370370 0.592592592592592 0.370370370370370 0.769395835121401 1.231033336194241 0.769395835121401 
******************************************
Cubature Projection Matrix
4 9
0.852436729587107 0.410344445398080 -0.339506172839506 0.410344445398080 0.197530864197531 -0.163430865151167 -0.339506172839506 -0.163430865151167 0.135217591400548 
-0.339506172839506 -0.163430865151167 0.135217591400548 0.410344445398080 0.197530864197531 -0.163430865151167 0.852436729587107 0.410344445398080 -0.339506172839506 
-0.339506172839506 0.410344445398080 0.852436729587107 -0.163430865151167 0.197530864197531 0.410344445398080 0.135217591400548 -0.163430865151167 -0.339506172839506 
0.135217591400548 -0.163430865151167 -0.339506172839506 -0.163430865151167 0.197530864197531 0.410344445398080 -0.339506172839506 0.410344445398080 0.852436729587107 
******************************************
Cubature Surface Interpolation Matrix
12 2
0.887298334620742 0.112701665379258 
0.500000000000000 0.500000000000000 
0.112701665379258 0.887298334620742 
0.887298334620742 0.112701665379258 
0.500000000000000 0.500000000000000 
0.112701665379258 0.887298334620742 
0.112701665379258 0.887298334620742 
0.500000000000000 0.500000000000000 
0.887298334620742 0.112701665379258 
0.112701665379258 0.887298334620742 
0.500000000000000 0.500000000000000 
0.887298334620742 0.112701665379258 
******************************************
Cubature Surface Lift Matrix
4 12
1.846550004291361 0.888888888888888 -0.735438893180250 -0.923275002145681 -0.444444444444444 0.367719446590125 0.367719446590126 -0.444444444444444 -0.923275002145681 -0.735438893180250 0.888888888888888 1.846550004291362 
-0.735438893180250 0.888888888888888 1.846550004291361 1.846550004291361 0.888888888888888 -0.735438893180250 -0.923275002145681 -0.444444444444444 0.367719446590125 0.367719446590125 -0.444444444444444 -0.923275002145681 
-0.923275002145681 -0.444444444444444 0.367719446590125 0.367719446590125 -0.444444444444444 -0.923275002145681 -0.735438893180250 0.888888888888888 1.846550004291361 1.846550004291361 0.888888888888888 -0.735438893180251 
0.367719446590125 -0.444444444444444 -0.923275002145681 -0.735438893180250 0.888888888888888 1.846550004291361 1.846550004291362 0.888888888888888 -0.735438893180250 -0.923275002145681 -0.444444444444444 0.367719446590125 
******************************************
1D degree raise matrix
3 2
1.000000000000000 0.000000000000000 
0.500000000000000 0.500000000000000 
0.000000000000000 1.000000000000000 
******************************************
1D degree lower matrix
1 2
0.500000000000000 0.500000000000000 
