******************************************
Nodal r-coordinates
4 1
-1.000000000000000 
1.000000000000000 
-1.000000000000000 
1.000000000000000 
******************************************
Nodal s-coordinates
4 1
-1.000000000000000 
-1.000000000000000 
1.000000000000000 
1.000000000000000 
******************************************
Nodal Dr differentiation matrix
4 4
-0.500000000000000 0.500000000000000 0.000000000000000 0.000000000000000 
-0.500000000000000 0.500000000000000 0.000000000000000 0.000000000000000 
0.000000000000000 0.000000000000000 -0.500000000000000 0.500000000000000 
0.000000000000000 0.000000000000000 -0.500000000000000 0.500000000000000 
******************************************
Nodal Ds differentiation matrix
4 4
-0.500000000000000 0.000000000000000 0.500000000000000 0.000000000000000 
0.000000000000000 -0.500000000000000 0.000000000000000 0.500000000000000 
-0.500000000000000 0.000000000000000 0.500000000000000 0.000000000000000 
0.000000000000000 -0.500000000000000 0.000000000000000 0.500000000000000 
******************************************
Nodal Face nodes
4 2
0 1 
1 3 
2 3 
0 2 
******************************************
Nodal Lift Matrix
4 8
2.000000000000000 0.000000000000000 -1.000000000000000 0.000000000000000 -1.000000000000000 0.000000000000000 2.000000000000000 0.000000000000000 
0.000000000000000 2.000000000000000 2.000000000000000 0.000000000000000 0.000000000000000 -1.000000000000000 -1.000000000000000 0.000000000000000 
-1.000000000000000 0.000000000000000 0.000000000000000 -1.000000000000000 2.000000000000000 0.000000000000000 0.000000000000000 2.000000000000000 
0.000000000000000 -1.000000000000000 0.000000000000000 2.000000000000000 0.000000000000000 2.000000000000000 0.000000000000000 -1.000000000000000 
******************************************
Nodal 1D GLL Nodes
2 1
-1.000000000000000 
1.000000000000000 
******************************************
Nodal 1D GLL Weights
2 1
1.000000000000000 
1.000000000000000 
******************************************
Nodal 1D differentiation matrix
2 2
-0.500000000000000 0.500000000000000 
-0.500000000000000 0.500000000000000 
******************************************
Plotting r-coordinates
25 1
-1.000000000000000 
-1.000000000000000 
-1.000000000000000 
-1.000000000000000 
-1.000000000000000 
-0.500000000000000 
-0.500000000000000 
-0.500000000000000 
-0.500000000000000 
-0.500000000000000 
0.000000000000000 
0.000000000000000 
0.000000000000000 
0.000000000000000 
0.000000000000000 
0.500000000000000 
0.500000000000000 
0.500000000000000 
0.500000000000000 
0.500000000000000 
1.000000000000000 
1.000000000000000 
1.000000000000000 
1.000000000000000 
1.000000000000000 
******************************************
Plotting s-coordinates
25 1
-1.000000000000000 
-0.500000000000000 
0.000000000000000 
0.500000000000000 
1.000000000000000 
-1.000000000000000 
-0.500000000000000 
0.000000000000000 
0.500000000000000 
1.000000000000000 
-1.000000000000000 
-0.500000000000000 
0.000000000000000 
0.500000000000000 
1.000000000000000 
-1.000000000000000 
-0.500000000000000 
0.000000000000000 
0.500000000000000 
1.000000000000000 
-1.000000000000000 
-0.500000000000000 
0.000000000000000 
0.500000000000000 
1.000000000000000 
******************************************
Plotting Interpolation Matrix
25 4
1.000000000000000 0.000000000000000 0.000000000000000 0.000000000000000 
0.750000000000000 0.000000000000000 0.250000000000000 0.000000000000000 
0.500000000000000 0.000000000000000 0.500000000000000 0.000000000000000 
0.250000000000000 -0.000000000000000 0.750000000000000 0.000000000000000 
0.000000000000000 0.000000000000000 1.000000000000000 0.000000000000000 
0.750000000000000 0.250000000000000 0.000000000000000 0.000000000000000 
0.562500000000000 0.187500000000000 0.187500000000000 0.062500000000000 
0.375000000000000 0.125000000000000 0.375000000000000 0.125000000000000 
0.187500000000000 0.062500000000000 0.562500000000000 0.187500000000000 
0.000000000000000 0.000000000000000 0.750000000000000 0.250000000000000 
0.500000000000000 0.500000000000000 0.000000000000000 0.000000000000000 
0.375000000000000 0.375000000000000 0.125000000000000 0.125000000000000 
0.250000000000000 0.250000000000000 0.250000000000000 0.250000000000000 
0.125000000000000 0.125000000000000 0.375000000000000 0.375000000000000 
0.000000000000000 0.000000000000000 0.500000000000000 0.500000000000000 
0.250000000000000 0.750000000000000 -0.000000000000000 0.000000000000000 
0.187500000000000 0.562500000000000 0.062500000000000 0.187500000000000 
0.125000000000000 0.375000000000000 0.125000000000000 0.375000000000000 
0.062500000000000 0.187500000000000 0.187500000000000 0.562500000000000 
-0.000000000000000 0.000000000000000 0.250000000000000 0.750000000000000 
0.000000000000000 1.000000000000000 0.000000000000000 0.000000000000000 
0.000000000000000 0.750000000000000 0.000000000000000 0.250000000000000 
0.000000000000000 0.500000000000000 0.000000000000000 0.500000000000000 
-0.000000000000000 0.250000000000000 0.000000000000000 0.750000000000000 
0.000000000000000 0.000000000000000 0.000000000000000 1.000000000000000 
******************************************
Plotting triangulation
32 3
8 3 7 
2 1 6 
17 16 21 
18 17 22 
12 7 11 
5 1 0 
2 7 3 
5 6 1 
15 20 16 
10 11 6 
6 5 10 
7 2 6 
17 18 13 
3 8 4 
11 7 6 
13 9 8 
12 8 7 
9 4 8 
13 14 9 
13 18 14 
23 24 19 
23 18 22 
12 11 16 
19 18 23 
19 14 18 
21 16 20 
17 12 16 
13 12 17 
13 8 12 
11 10 15 
11 15 16 
22 17 21 
******************************************
C0 overlapping patch forward matrix
4 4
-0.333333333333333 -0.333333333333333 -0.333333333333333 -0.333333333333333 
0.527046276694730 0.263523138347365 -0.263523138347365 -0.527046276694729 
0.333333333333334 -0.333333333333333 0.333333333333333 -0.333333333333333 
0.527046276694730 -0.263523138347366 -0.263523138347364 0.527046276694730 
******************************************
C0 overlapping patch diagonal scaling
4 1
0.000000000000000 
0.250000000000000 
1.000000000000000 
0.750000000000000 
******************************************
C0 overlapping patch backward matrix
4 4
-0.500000000000000 0.632455532033676 0.500000000000000 0.632455532033676 
-0.500000000000000 0.316227766016838 -0.499999999999999 -0.316227766016838 
-0.500000000000000 -0.316227766016838 0.500000000000000 -0.316227766016838 
-0.500000000000000 -0.632455532033675 -0.500000000000001 0.632455532033676 
******************************************
IPDG overlapping patch forward matrix
4 4
0.500000000000000 0.500000000000000 0.500000000000000 0.500000000000000 
-0.500000000000001 -0.500000000000001 0.499999999999999 0.499999999999999 
0.499999999999999 -0.499999999999999 0.500000000000000 -0.500000000000001 
-0.500000000000000 0.500000000000000 0.499999999999999 -0.499999999999999 
******************************************
IPDG overlapping patch diagonal scaling
4 1
0.249999999999998 
0.749999999999998 
7.249999999999997 
7.749999999999998 
******************************************
IPDG overlapping patch backward matrix
4 4
0.499999999999999 -0.500000000000000 0.499999999999999 -0.500000000000001 
0.499999999999999 -0.500000000000000 -0.500000000000000 0.500000000000001 
0.500000000000001 0.500000000000000 0.500000000000001 0.499999999999999 
0.500000000000001 0.500000000000000 -0.500000000000001 -0.499999999999999 
******************************************
Quadrature r-coordinates
3 1
-0.774596669241483 
-0.000000000000000 
0.774596669241483 
******************************************
Quadrature weights
3 1
0.555555555555556 
0.888888888888889 
0.555555555555556 
******************************************
Quadrature Interpolation Matrix
3 2
0.887298334620742 0.112701665379258 
0.500000000000000 0.500000000000000 
0.112701665379258 0.887298334620742 
******************************************
Quadrature Weak D Differentiation Matrix
2 3
-0.277777777777778 -0.444444444444444 -0.277777777777778 
0.277777777777778 0.444444444444444 0.277777777777778 
******************************************
Quadrature Projection Matrix
2 3
0.492943519233746 0.444444444444444 0.062612036321810 
0.062612036321810 0.444444444444444 0.492943519233746 
******************************************
1D degree raise matrix
3 2
1.000000000000000 0.000000000000000 
0.500000000000000 0.500000000000000 
0.000000000000000 1.000000000000000 
******************************************
1D degree lower matrix
1 2
0.500000000000000 0.500000000000000 
******************************************
SEMFEM reference mesh
1 4
0 1 3 2 
