% degree N
1
% number of nodes
4
% node coordinates
-1.000000000000000E+00 -1.000000000000000E+00
1.000000000000000E+00 -1.000000000000000E+00
-1.000000000000000E+00 1.000000000000000E+00
1.000000000000000E+00 1.000000000000000E+00
% r collocation differentation matrix
-5.000000000000001E-01 5.000000000000000E-01 0.000000000000000E+00 0.000000000000000E+00 
-5.000000000000001E-01 5.000000000000000E-01 0.000000000000000E+00 0.000000000000000E+00 
0.000000000000000E+00 0.000000000000000E+00 -5.000000000000001E-01 5.000000000000000E-01 
0.000000000000000E+00 0.000000000000000E+00 -5.000000000000001E-01 5.000000000000000E-01 
% s collocation differentation matrix
-5.000000000000001E-01 0.000000000000000E+00 5.000000000000000E-01 0.000000000000000E+00 
0.000000000000000E+00 -5.000000000000001E-01 0.000000000000000E+00 5.000000000000000E-01 
-5.000000000000001E-01 0.000000000000000E+00 5.000000000000000E-01 0.000000000000000E+00 
0.000000000000000E+00 -5.000000000000001E-01 0.000000000000000E+00 5.000000000000000E-01 
% faceNodes
0 1 
1 3 
2 3 
0 2 
% LIFT matrix
2.000000000000000E+00 0.000000000000000E+00 -1.000000000000000E+00 0.000000000000000E+00 -1.000000000000000E+00 0.000000000000000E+00 2.000000000000000E+00 0.000000000000000E+00 
0.000000000000000E+00 2.000000000000000E+00 2.000000000000000E+00 0.000000000000000E+00 0.000000000000000E+00 -1.000000000000000E+00 -1.000000000000000E+00 0.000000000000000E+00 
-1.000000000000000E+00 0.000000000000000E+00 0.000000000000000E+00 -1.000000000000000E+00 2.000000000000000E+00 0.000000000000000E+00 0.000000000000000E+00 2.000000000000000E+00 
0.000000000000000E+00 -1.000000000000000E+00 0.000000000000000E+00 2.000000000000000E+00 0.000000000000000E+00 2.000000000000000E+00 0.000000000000000E+00 -1.000000000000000E+00 
% D (1D) matrix
-5.000000000000001E-01 5.000000000000001E-01 
-5.000000000000001E-01 5.000000000000001E-01 
% r (1D) gll nodes
-1.000000000000000E+00 
1.000000000000000E+00 
% w (1D) gll node weights
1.000000000000000E+00 
1.000000000000000E+00 
% number of plot nodes
25
% plot node coordinates
-1.000000000000000E+00 -1.000000000000000E+00
-1.000000000000000E+00 -5.000000000000000E-01
-1.000000000000000E+00 0.000000000000000E+00
-1.000000000000000E+00 5.000000000000000E-01
-1.000000000000000E+00 1.000000000000000E+00
-5.000000000000000E-01 -1.000000000000000E+00
-5.000000000000000E-01 -5.000000000000000E-01
-5.000000000000000E-01 0.000000000000000E+00
-5.000000000000000E-01 5.000000000000000E-01
-5.000000000000000E-01 1.000000000000000E+00
0.000000000000000E+00 -1.000000000000000E+00
0.000000000000000E+00 -5.000000000000000E-01
0.000000000000000E+00 0.000000000000000E+00
0.000000000000000E+00 5.000000000000000E-01
0.000000000000000E+00 1.000000000000000E+00
5.000000000000000E-01 -1.000000000000000E+00
5.000000000000000E-01 -5.000000000000000E-01
5.000000000000000E-01 0.000000000000000E+00
5.000000000000000E-01 5.000000000000000E-01
5.000000000000000E-01 1.000000000000000E+00
1.000000000000000E+00 -1.000000000000000E+00
1.000000000000000E+00 -5.000000000000000E-01
1.000000000000000E+00 0.000000000000000E+00
1.000000000000000E+00 5.000000000000000E-01
1.000000000000000E+00 1.000000000000000E+00
% plot node interpolation matrix
1.000000000000000E+00 -0.000000000000000E+00 -0.000000000000000E+00 0.000000000000000E+00 
7.499999999999999E-01 2.479028023889575E-18 2.500000000000000E-01 0.000000000000000E+00 
5.000000000000000E-01 4.958056047779151E-18 5.000000000000000E-01 0.000000000000000E+00 
2.499999999999999E-01 -4.807406715958911E-17 7.500000000000000E-01 -5.551115123125784E-17 
9.916112095558302E-18 9.916112095558302E-18 1.000000000000000E+00 0.000000000000000E+00 
7.499999999999999E-01 2.500000000000000E-01 -0.000000000000000E+00 0.000000000000000E+00 
5.624999999999999E-01 1.875000000000000E-01 1.875000000000000E-01 6.250000000000000E-02 
3.749999999999999E-01 1.250000000000000E-01 3.750000000000000E-01 1.250000000000000E-01 
1.875000000000000E-01 6.249999999999994E-02 5.625000000000000E-01 1.874999999999999E-01 
-7.401486830834378E-17 -0.000000000000000E+00 7.500000000000000E-01 2.500000000000000E-01 
5.000000000000000E-01 5.000000000000000E-01 2.479028023889575E-18 -2.479028023889575E-18 
3.749999999999999E-01 3.750000000000000E-01 1.250000000000000E-01 1.250000000000000E-01 
2.500000000000000E-01 2.500000000000000E-01 2.500000000000000E-01 2.500000000000000E-01 
1.249999999999999E-01 1.249999999999999E-01 3.749999999999999E-01 3.749999999999999E-01 
0.000000000000000E+00 -0.000000000000000E+00 5.000000000000000E-01 5.000000000000000E-01 
2.499999999999999E-01 7.500000000000000E-01 -2.775557561562892E-17 -2.775557561562892E-17 
1.874999999999999E-01 5.625000000000000E-01 6.249999999999997E-02 1.875000000000000E-01 
1.249999999999999E-01 3.749999999999999E-01 1.249999999999999E-01 3.749999999999999E-01 
6.249999999999993E-02 1.875000000000000E-01 1.875000000000000E-01 5.625000000000000E-01 
-2.022123807339147E-16 -1.281975124255709E-16 2.499999999999999E-01 7.499999999999999E-01 
0.000000000000000E+00 1.000000000000000E+00 -0.000000000000000E+00 0.000000000000000E+00 
0.000000000000000E+00 7.500000000000000E-01 -0.000000000000000E+00 2.500000000000000E-01 
0.000000000000000E+00 5.000000000000000E-01 -0.000000000000000E+00 5.000000000000000E-01 
-2.220446049250313E-16 2.499999999999999E-01 -1.281975124255709E-16 7.499999999999999E-01 
0.000000000000000E+00 -0.000000000000000E+00 -0.000000000000000E+00 1.000000000000000E+00 
% number of plot elements
32
% number of vertices per plot elements
3
% triangulation of plot nodes
1 5 0
1 5 6
21 15 20
21 15 16
11 5 6
11 5 10
11 15 16
11 15 10
9 3 4
9 3 8
7 11 6
7 11 12
7 1 6
7 1 2
7 3 8
7 3 2
19 23 24
19 23 18
17 11 12
17 11 16
17 21 16
17 21 22
17 23 18
17 23 22
13 7 8
13 7 12
13 17 18
13 17 12
13 9 8
13 9 14
13 19 18
13 19 14
% stencil size for OAS NqP
4
% invP [ change of basis for OAS precon ]
-3.333333333333331E-01 -3.333333333333334E-01 -3.333333333333332E-01 -3.333333333333335E-01 
5.270462766947299E-01 2.635231383473650E-01 -2.635231383473651E-01 -5.270462766947296E-01 
3.333333333333336E-01 -3.333333333333331E-01 3.333333333333333E-01 -3.333333333333333E-01 
5.270462766947303E-01 -2.635231383473656E-01 -2.635231383473642E-01 5.270462766947297E-01 
% diagOp [ weight so that inv(W(trans(D)*W*D)) = P*inv(diagOp)*invP ]
0.000000000000000E+00 
2.499999999999999E-01 
1.000000000000000E+00 
7.500000000000002E-01 
% P [ reverse change of basis for OAS precon ]
-4.999999999999998E-01 6.324555320336762E-01 4.999999999999996E-01 6.324555320336757E-01 
-5.000000000000002E-01 3.162277660168380E-01 -4.999999999999992E-01 -3.162277660168379E-01 
-5.000000000000000E-01 -3.162277660168382E-01 5.000000000000006E-01 -3.162277660168379E-01 
-5.000000000000001E-01 -6.324555320336754E-01 -5.000000000000010E-01 6.324555320336761E-01 
% number of volume cubature nodes
9
% cubature interpolation matrix
7.872983346207414E-01 1.000000000000000E-01 1.000000000000000E-01 1.270166537925835E-02 
4.436491673103709E-01 5.635083268962920E-02 4.436491673103708E-01 5.635083268962919E-02 
9.999999999999985E-02 1.270166537925826E-02 7.872983346207416E-01 1.000000000000000E-01 
4.436491673103707E-01 4.436491673103708E-01 5.635083268962918E-02 5.635083268962918E-02 
2.500000000000000E-01 2.500000000000000E-01 2.500000000000000E-01 2.500000000000000E-01 
5.635083268962902E-02 5.635083268962905E-02 4.436491673103709E-01 4.436491673103709E-01 
9.999999999999980E-02 7.872983346207416E-01 1.270166537925829E-02 1.000000000000000E-01 
5.635083268962908E-02 4.436491673103709E-01 5.635083268962905E-02 4.436491673103709E-01 
1.270166537925823E-02 9.999999999999998E-02 9.999999999999998E-02 7.872983346207418E-01 
% cubature r weak differentiation matrix
-7.693958351214011E-01 -3.703703703703705E-01 3.064328721584379E-01 -1.231033336194241E+00 -5.925925925925924E-01 4.902925954535004E-01 -7.693958351214011E-01 -3.703703703703705E-01 3.064328721584379E-01 
7.693958351214011E-01 3.703703703703705E-01 -3.064328721584379E-01 1.231033336194241E+00 5.925925925925924E-01 -4.902925954535004E-01 7.693958351214011E-01 3.703703703703705E-01 -3.064328721584379E-01 
3.064328721584378E-01 -3.703703703703703E-01 -7.693958351214011E-01 4.902925954535003E-01 -5.925925925925923E-01 -1.231033336194241E+00 3.064328721584378E-01 -3.703703703703703E-01 -7.693958351214011E-01 
-3.064328721584378E-01 3.703703703703703E-01 7.693958351214011E-01 -4.902925954535003E-01 5.925925925925923E-01 1.231033336194241E+00 -3.064328721584378E-01 3.703703703703703E-01 7.693958351214011E-01 
% cubature s weak differentiation matrix
-7.693958351214011E-01 -1.231033336194241E+00 -7.693958351214011E-01 -3.703703703703705E-01 -5.925925925925924E-01 -3.703703703703705E-01 3.064328721584379E-01 4.902925954535004E-01 3.064328721584379E-01 
3.064328721584378E-01 4.902925954535003E-01 3.064328721584378E-01 -3.703703703703703E-01 -5.925925925925923E-01 -3.703703703703703E-01 -7.693958351214011E-01 -1.231033336194241E+00 -7.693958351214011E-01 
7.693958351214011E-01 1.231033336194241E+00 7.693958351214011E-01 3.703703703703705E-01 5.925925925925924E-01 3.703703703703705E-01 -3.064328721584379E-01 -4.902925954535004E-01 -3.064328721584379E-01 
-3.064328721584378E-01 -4.902925954535003E-01 -3.064328721584378E-01 3.703703703703703E-01 5.925925925925923E-01 3.703703703703703E-01 7.693958351214011E-01 1.231033336194241E+00 7.693958351214011E-01 
% cubature projection matrix
8.524367295871067E-01 4.103444453980803E-01 -3.395061728395065E-01 4.103444453980803E-01 1.975308641975308E-01 -1.634308651511668E-01 -3.395061728395065E-01 -1.634308651511668E-01 1.352175914005480E-01 
-3.395061728395063E-01 -1.634308651511667E-01 1.352175914005479E-01 4.103444453980802E-01 1.975308641975308E-01 -1.634308651511667E-01 8.524367295871070E-01 4.103444453980804E-01 -3.395061728395065E-01 
-3.395061728395063E-01 4.103444453980802E-01 8.524367295871070E-01 -1.634308651511667E-01 1.975308641975308E-01 4.103444453980804E-01 1.352175914005479E-01 -1.634308651511667E-01 -3.395061728395065E-01 
1.352175914005479E-01 -1.634308651511666E-01 -3.395061728395063E-01 -1.634308651511666E-01 1.975308641975307E-01 4.103444453980803E-01 -3.395061728395063E-01 4.103444453980803E-01 8.524367295871071E-01 
% number of surface integration nodes per face
3
% surface integration interpolation matrix
8.872983346207417E-01 1.127016653792583E-01 
5.000000000000000E-01 5.000000000000000E-01 
1.127016653792582E-01 8.872983346207417E-01 
8.872983346207417E-01 1.127016653792583E-01 
5.000000000000000E-01 5.000000000000000E-01 
1.127016653792581E-01 8.872983346207417E-01 
1.127016653792582E-01 8.872983346207417E-01 
4.999999999999999E-01 5.000000000000000E-01 
8.872983346207417E-01 1.127016653792583E-01 
1.127016653792583E-01 8.872983346207417E-01 
4.999999999999999E-01 5.000000000000000E-01 
8.872983346207417E-01 1.127016653792582E-01 
% surface integration lift matrix
1.846550004291361E+00 8.888888888888884E-01 -7.354388931802506E-01 -9.232750021456808E-01 -4.444444444444444E-01 3.677194465901253E-01 3.677194465901250E-01 -4.444444444444441E-01 -9.232750021456811E-01 -7.354388931802504E-01 8.888888888888880E-01 1.846550004291361E+00 
-7.354388931802502E-01 8.888888888888884E-01 1.846550004291362E+00 1.846550004291361E+00 8.888888888888884E-01 -7.354388931802507E-01 -9.232750021456809E-01 -4.444444444444442E-01 3.677194465901256E-01 3.677194465901255E-01 -4.444444444444439E-01 -9.232750021456808E-01 
-9.232750021456810E-01 -4.444444444444442E-01 3.677194465901255E-01 3.677194465901254E-01 -4.444444444444440E-01 -9.232750021456809E-01 -7.354388931802502E-01 8.888888888888881E-01 1.846550004291362E+00 1.846550004291361E+00 8.888888888888885E-01 -7.354388931802506E-01 
3.677194465901255E-01 -4.444444444444442E-01 -9.232750021456810E-01 -7.354388931802504E-01 8.888888888888883E-01 1.846550004291362E+00 1.846550004291362E+00 8.888888888888886E-01 -7.354388931802505E-01 -9.232750021456809E-01 -4.444444444444442E-01 3.677194465901255E-01 
