% degree N
3
% number of nodes
20
% node coordinates
-1.000000000000000E+00 -1.000000000000000E+00 -9.999999999999999E-01
-4.472135954999581E-01 -1.000000000000000E+00 -9.999999999999999E-01
4.472135954999578E-01 -1.000000000000000E+00 -9.999999999999999E-01
1.000000000000000E+00 -1.000000000000000E+00 -9.999999999999999E-01
-1.000000000000000E+00 -4.472135954999580E-01 -9.999999999999999E-01
-3.333333333333333E-01 -3.333333333333334E-01 -9.999999999999999E-01
4.472135954999577E-01 -4.472135954999580E-01 -9.999999999999999E-01
-1.000000000000000E+00 4.472135954999578E-01 -9.999999999999999E-01
-4.472135954999580E-01 4.472135954999578E-01 -9.999999999999999E-01
-1.000000000000000E+00 9.999999999999999E-01 -9.999999999999999E-01
-1.000000000000000E+00 -1.000000000000000E+00 -4.472135954999580E-01
-3.333333333333334E-01 -9.999999999999999E-01 -3.333333333333333E-01
4.472135954999578E-01 -1.000000000000000E+00 -4.472135954999580E-01
-1.000000000000000E+00 -3.333333333333334E-01 -3.333333333333333E-01
-3.333333333333334E-01 -3.333333333333334E-01 -3.333333333333333E-01
-1.000000000000000E+00 4.472135954999578E-01 -4.472135954999579E-01
-1.000000000000000E+00 -9.999999999999999E-01 4.472135954999577E-01
-4.472135954999580E-01 -9.999999999999999E-01 4.472135954999579E-01
-1.000000000000000E+00 -4.472135954999580E-01 4.472135954999580E-01
-1.000000000000000E+00 -1.000000000000000E+00 1.000000000000000E+00
% r collocation differentation matrix
-3.000000000000000E+00 4.045084971874736E+00 -1.545084971874735E+00 4.999999999999995E-01 6.651015959097295E-16 -1.361560686576793E-15 6.551251282397838E-16 3.140153997767376E-16 -1.213969166187032E-16 -5.042817357691836E-17 -2.687397839763064E-16 4.855013845307020E-16 -2.020228553890674E-16 -4.806090902728026E-17 4.806090902727993E-17 3.668028241327773E-32 -8.977738327824739E-17 2.109403983173046E-17 3.472080405659517E-32 1.798153276039636E-17 
-8.090169943749477E-01 4.902222099282968E-16 1.118033988749894E+00 -3.090169943749473E-01 3.350314261658052E-17 -1.415037225129773E-16 1.037048407440151E-16 -6.645452771138716E-17 8.647290269854411E-17 -5.240878611591767E-18 -8.843399636616537E-17 1.452614320445078E-16 -5.241762079939175E-17 -2.437811542665415E-17 2.437811542665406E-17 1.332099977948003E-32 2.127659824513557E-17 -4.182657224014254E-17 6.667861526904261E-33 5.380053038685463E-18 
3.090169943749475E-01 -1.118033988749895E+00 4.178803994503666E-16 8.090169943749470E-01 -7.454951249393328E-17 1.647521458803851E-16 -8.520112366692920E-17 -4.665459855268278E-17 2.334729484645075E-17 6.101931328903184E-18 2.700349980151792E-16 -4.605609349111140E-16 1.765443284617555E-16 4.192335391628324E-17 -4.192335391628297E-17 -3.526796506113579E-32 -5.536619442382134E-18 7.069166508890716E-17 -4.643424607675302E-32 -1.705781240411536E-17 
-5.000000000000000E-01 1.545084971874736E+00 -4.045084971874736E+00 3.000000000000000E+00 -4.843101842176352E-16 1.195688791513010E-15 -6.750801476891605E-16 2.258433422239663E-16 -3.949961119982934E-16 4.428477005603736E-17 -2.011978324474444E-16 6.448412425929913E-16 -4.240674603140990E-16 1.001936834316456E-16 -1.001936834316459E-16 1.167761927379940E-31 -2.568255023586008E-16 1.656005255723762E-16 9.314506279746202E-33 2.388300898492554E-17 
-7.090169943749483E-01 1.618033988749895E+00 -1.309016994374947E+00 6.000000000000002E-01 -1.999999999999998E+00 2.699999999999999E+00 -6.180339887498950E-01 -1.909830056250526E-01 -1.909830056250527E-01 9.999999999999999E-02 -1.370108774603822E-16 7.451941705939512E-17 -1.001087476798224E-17 3.071293158213745E-17 6.683798511163360E-17 -1.982490785360864E-17 -5.410041513336137E-17 1.375595197777231E-17 1.600186351182193E-17 6.372975324191328E-18 
3.333333333333334E-01 -6.211299937499416E-01 6.211299937499415E-01 -3.333333333333334E-01 -7.272316635416368E-01 -1.256145927803607E-15 7.272316635416380E-01 -1.061016697916960E-01 1.061016697916961E-01 -5.002851439068242E-17 6.917672253107891E-17 -1.441815146767035E-16 7.062776116264382E-17 -1.556004213050385E-16 1.556004213050385E-16 1.318315510836351E-32 3.204795821481443E-17 -1.165075893442223E-17 -1.561243065875858E-32 -5.340056099137157E-18 
-5.999999999999992E-01 1.309016994374946E+00 -1.618033988749893E+00 7.090169943749466E-01 6.180339887498936E-01 -2.699999999999999E+00 2.000000000000000E+00 1.909830056250527E-01 1.909830056250526E-01 -1.000000000000000E-01 3.514496497060091E-17 4.086003442748121E-17 0.000000000000000E+00 -1.460636263798290E-16 4.851270968605784E-17 1.982490785360864E-17 -8.545315891967046E-17 1.094750187920495E-16 -1.600186351182191E-17 -2.099662306158913E-18 
4.090169943749484E-01 -1.909830056250526E-01 -6.180339887498946E-01 5.999999999999999E-01 -1.309016994374946E+00 2.699999999999998E+00 -1.309016994374947E+00 -2.000000000000000E+00 1.618033988749895E+00 1.000000000000003E-01 -5.190451620578759E-17 2.678319131815178E-16 -2.825611935402802E-16 -7.905631044483569E-17 1.766072271386067E-16 -1.982490785360865E-17 -5.505351662580506E-17 -1.263865136999462E-17 1.600186351182196E-17 1.353269740278847E-17 
-5.999999999999999E-01 6.180339887498949E-01 1.909830056250524E-01 -4.090169943749473E-01 1.309016994374946E+00 -2.699999999999999E+00 1.309016994374947E+00 -1.618033988749895E+00 2.000000000000000E+00 -1.000000000000000E-01 3.238111884925451E-16 -3.192550736351929E-16 6.051658861524892E-17 -3.221343377497390E-16 2.245834210559681E-16 1.982490785360862E-17 2.240586237138602E-17 5.256108321121528E-17 -1.600186351182196E-17 -1.543725890107272E-17 
-5.000000000000000E-01 3.460427888625004E-16 -1.627104425067507E-16 5.000000000000001E-01 1.545084971874737E+00 4.228858368343576E-16 -1.545084971874737E+00 -4.045084971874737E+00 4.045084971874737E+00 -4.465598045208552E-18 -6.386602677805573E-17 7.214164814777040E-16 -6.356498504637915E-16 -1.272202380942293E-16 1.272202380942289E-16 1.317081080295833E-31 -8.978282704333146E-17 -1.227516402338109E-17 2.393206491875798E-32 2.671912894361863E-17 
-7.090169943749487E-01 1.618033988749896E+00 -1.309016994374947E+00 6.000000000000000E-01 4.561686966730627E-16 -1.869898157974175E-15 5.032590919405708E-16 6.507088851897215E-16 2.390882002804458E-16 -3.719464754147399E-16 -1.999999999999999E+00 2.700000000000000E+00 -6.180339887498943E-01 -1.179366031277704E-15 -4.463262315203029E-16 2.305343257895665E-16 -1.909830056250529E-01 -1.909830056250524E-01 2.965390905851605E-16 9.999999999999970E-02 
3.333333333333338E-01 -6.211299937499419E-01 6.211299937499418E-01 -3.333333333333336E-01 -1.983058306343590E-16 -1.723330566400561E-17 1.351947773800401E-16 3.116631172660300E-17 1.742527242257826E-17 -2.223185458223355E-17 -7.272316635416372E-01 -2.660240163812270E-16 7.272316635416376E-01 -2.406196342486094E-16 1.234949096292232E-16 1.522162618189409E-18 -1.061016697916961E-01 1.061016697916961E-01 3.217392841351662E-17 -3.443997166754782E-17 
-5.999999999999995E-01 1.309016994374947E+00 -1.618033988749894E+00 7.090169943749475E-01 2.596568377255393E-16 3.252796527139416E-16 1.183397641810163E-16 -2.387767528828411E-16 -3.539896001869343E-16 2.120997879125457E-16 6.180339887498942E-01 -2.700000000000000E+00 1.999999999999999E+00 9.139759016605542E-16 5.124061806261312E-16 -1.255486375216638E-16 1.909830056250525E-01 1.909830056250527E-01 -2.257107338636923E-16 -1.000000000000002E-01 
3.888888888888890E-01 -1.061016697916961E-01 -7.272316635416366E-01 6.666666666666662E-01 -7.272316635416365E-01 1.499999999999999E+00 -7.272316635416375E-01 -1.061016697916954E-01 -1.061016697916960E-01 5.555555555555533E-02 -7.272316635416370E-01 1.499999999999999E+00 -7.272316635416368E-01 -1.500000000000001E+00 1.500000000000000E+00 1.778839202118489E-16 -1.061016697916958E-01 -1.061016697916959E-01 1.550492767298825E-16 5.555555555555569E-02 
-6.666666666666660E-01 7.272316635416369E-01 1.061016697916959E-01 -3.888888888888887E-01 7.272316635416369E-01 -1.499999999999999E+00 7.272316635416374E-01 1.061016697916956E-01 1.061016697916959E-01 -5.555555555555566E-02 7.272316635416368E-01 -1.500000000000000E+00 7.272316635416369E-01 -1.500000000000000E+00 1.500000000000001E+00 -2.018520527461911E-17 1.061016697916959E-01 1.061016697916959E-01 -1.320413442955892E-16 -5.555555555555550E-02 
-6.000000000000016E-01 8.443944503991581E-16 -1.677268584583896E-16 6.000000000000000E-01 1.309016994374947E+00 -1.554312234475222E-16 -1.309016994374947E+00 -1.618033988749895E+00 1.618033988749895E+00 2.815775583152363E-16 6.180339887498953E-01 9.512110362607146E-17 -6.180339887498950E-01 -2.700000000000001E+00 2.700000000000001E+00 -1.815753771582326E-16 1.909830056250527E-01 -1.909830056250526E-01 -3.959589570470602E-17 -5.131718351889088E-17 
4.090169943749477E-01 -1.909830056250529E-01 -6.180339887498942E-01 5.999999999999998E-01 3.792472227561856E-17 -8.500306589863558E-16 9.006860016007645E-17 4.326782930941856E-16 3.560438681252808E-16 -2.805343555599371E-17 -1.309016994374947E+00 2.700000000000000E+00 -1.309016994374947E+00 -1.031445738515194E-15 -7.033117647801580E-16 -2.827116402093990E-17 -2.000000000000000E+00 1.618033988749895E+00 2.179198976825436E-16 9.999999999999948E-02 
-6.000000000000001E-01 6.180339887498949E-01 1.909830056250520E-01 -4.090169943749470E-01 1.569290341024382E-16 7.852423290768809E-16 -6.745954426385135E-17 -4.798546274361825E-16 -1.347775344110629E-16 4.190595748494450E-16 1.309016994374947E+00 -2.699999999999999E+00 1.309016994374947E+00 7.601707118240692E-16 5.571461299652702E-16 -4.671052657737460E-16 -1.618033988749895E+00 2.000000000000000E+00 -2.053808526930196E-16 -1.000000000000005E-01 
-6.000000000000022E-01 8.716069686226670E-16 -1.947540809927037E-16 6.000000000000000E-01 6.180339887498950E-01 -1.554312234475220E-16 -6.180339887498947E-01 1.909830056250530E-01 -1.909830056250530E-01 5.259900042399024E-19 1.309016994374948E+00 7.303866111437915E-16 -1.309016994374948E+00 -2.700000000000000E+00 2.700000000000000E+00 -1.602471687858950E-16 -1.618033988749895E+00 1.618033988749896E+00 -1.606108597021287E-16 -2.572614402551291E-16 
-4.999999999999997E-01 5.081592916638344E-16 -3.424656223645888E-16 5.000000000000001E-01 3.178957879840494E-17 1.319875948480306E-16 1.923480366334190E-16 -2.977753399137773E-16 3.757116277504380E-16 1.879276437544466E-16 1.545084971874737E+00 2.147941525942433E-16 -1.545084971874737E+00 9.829495501151774E-16 -1.226826841849605E-15 -9.788453221937427E-17 -4.045084971874737E+00 4.045084971874738E+00 -2.429203555335827E-17 -1.488149018422866E-15 
% s collocation differentation matrix
-3.000000000000000E+00 8.900964999877459E-16 -1.144729294311920E-16 3.334963661554232E-16 4.045084971874735E+00 5.558419873932500E-17 -1.341774081822403E-16 -1.545084971874736E+00 2.220446049250313E-16 4.999999999999997E-01 1.779514785972682E-16 -2.651086796309193E-16 -1.964905182176614E-16 3.249121125570275E-16 -1.951675244330424E-16 1.497937775542468E-16 5.877915073349264E-17 5.067008087680851E-18 -4.469635063621132E-17 -5.013484870627188E-18 
-7.090169943749468E-01 -1.999999999999999E+00 -1.909830056250528E-01 1.000000000000005E-01 1.618033988749895E+00 2.699999999999999E+00 -1.909830056250537E-01 -1.309016994374947E+00 -6.180339887498942E-01 5.999999999999994E-01 4.586905893296553E-16 -1.039918873573109E-15 1.992944666933928E-16 4.543231918638079E-16 -2.270276870460512E-16 1.299688697006381E-16 5.847541845264815E-17 8.517999712066924E-17 -2.869448712438945E-17 -3.009716180575384E-17 
4.090169943749478E-01 -1.309016994374947E+00 -2.000000000000000E+00 9.999999999999998E-02 -1.909830056250524E-01 2.699999999999999E+00 1.618033988749894E+00 -6.180339887498942E-01 -1.309016994374947E+00 5.999999999999994E-01 5.583247321674017E-16 -1.863448373158843E-15 8.981892944681072E-16 3.407906180473854E-16 -1.134951132296283E-16 1.299688697006381E-16 6.806213285877790E-17 1.920970894195611E-16 -2.869448712438956E-17 -6.059825438300328E-17 
-5.000000000000004E-01 1.545084971874737E+00 -4.045084971874736E+00 -3.039172579157892E-17 -9.382327935400361E-16 -5.293442609650468E-16 4.045084971874737E+00 1.130882377899041E-15 -1.545084971874737E+00 4.999999999999996E-01 -1.594638510063494E-16 -6.035753627774151E-16 4.691163967700181E-16 3.845460073406142E-16 -2.548014192166290E-16 1.497937775542468E-16 -1.400293518128804E-16 2.517580176349873E-16 -4.469635063621138E-17 -1.754928795012706E-17 
-8.090169943749481E-01 5.064387857226650E-16 6.601351042452316E-17 -8.511074545500177E-17 3.592674036624234E-16 -3.306744990962480E-16 8.626038251240651E-17 1.118033988749895E+00 -1.638807539985708E-32 -3.090169943749475E-01 5.965797579777719E-17 1.630170580429277E-16 -6.472720788479975E-17 -2.058623731878723E-16 4.624779958989318E-17 1.770039522923221E-18 3.814580924554362E-17 4.849016829493027E-17 -8.711732324853961E-17 1.260179424055086E-19 
3.333333333333340E-01 -7.272316635416376E-01 -1.061016697916961E-01 4.635136258181449E-17 -6.211299937499413E-01 -6.691547942172587E-16 1.061016697916961E-01 6.211299937499412E-01 7.272316635416379E-01 -3.333333333333333E-01 1.584855763315191E-17 2.316329439286499E-16 -6.600183189337190E-17 -2.422515755521628E-16 9.932167184502497E-17 -3.585693840843464E-17 7.203019256449337E-18 6.938241290108410E-17 -8.913415306833660E-17 3.285297785981928E-18 
-6.000000000000000E-01 1.309016994374946E+00 -1.618033988749894E+00 -1.000000000000005E-01 6.180339887498931E-01 -2.699999999999998E+00 2.000000000000000E+00 1.909830056250527E-01 1.309016994374947E+00 -4.090169943749473E-01 3.972725976637799E-16 -1.748160563454134E-16 -1.232595164407831E-31 -5.971117439419114E-16 3.399462536501614E-16 2.159494737653179E-17 -3.177621463955141E-18 1.674087594475199E-16 -1.031191867603616E-16 -1.599931654211718E-17 
3.090169943749478E-01 4.110431553431936E-17 2.298780744504728E-16 -7.920956478288735E-17 -1.118033988749895E+00 -5.749025718290524E-16 3.564219620922592E-17 4.812084230410489E-16 7.383672894352516E-17 8.090169943749471E-01 -5.363672977163681E-18 1.775277045487614E-16 -2.863559773820905E-18 -3.439225323909056E-16 7.399906529196393E-17 9.781806488907217E-17 1.416396729411311E-17 -2.665135790381885E-17 2.555851686070728E-17 -3.422065279636317E-18 
-5.999999999999993E-01 6.180339887498947E-01 1.909830056250528E-01 -1.000000000000002E-01 1.309016994374946E+00 -2.699999999999999E+00 1.909830056250529E-01 -1.618033988749894E+00 2.000000000000000E+00 7.090169943749470E-01 -8.893579373805078E-17 4.289042432987243E-16 -8.827216423087766E-17 -1.262023045895460E-16 -2.412720792031669E-16 1.176429727426808E-16 -8.071072260461713E-17 6.246365503085563E-17 9.556653348885372E-18 2.275179981704077E-18 
-5.000000000000002E-01 5.761381941950256E-16 8.137269524639638E-17 1.676943957668081E-16 1.545084971874737E+00 -1.936820630908210E-16 -4.268009083771152E-17 -4.045084971874735E+00 -8.881784197001252E-16 2.999999999999999E+00 -2.536434237583020E-17 -7.647195337360217E-16 2.199646574396788E-16 7.346267942473068E-16 -2.416150144536390E-16 6.885899413169804E-17 -3.924677109459147E-17 -8.642678709161752E-17 1.641117533710556E-16 -1.006325014601315E-17 
-7.090169943749483E-01 4.885429311604285E-16 3.494907761743078E-16 -9.853660334904080E-17 1.618033988749895E+00 -5.107025913275721E-16 -4.073524101867753E-16 -1.309016994374947E+00 1.057454614713225E-15 5.999999999999995E-01 -1.999999999999999E+00 -6.739964578950027E-16 2.994707116587310E-16 2.700000000000000E+00 -6.619575486920748E-16 -6.180339887498946E-01 -1.909830056250530E-01 3.816607142826885E-16 -1.909830056250523E-01 1.000000000000001E-01 
3.888888888888893E-01 -7.272316635416374E-01 -1.061016697916955E-01 5.555555555555546E-02 -1.061016697916958E-01 1.499999999999999E+00 -1.061016697916968E-01 -7.272316635416367E-01 -7.272316635416367E-01 6.666666666666662E-01 -7.272316635416373E-01 -1.500000000000001E+00 1.631463465480727E-16 1.500000000000000E+00 1.500000000000001E+00 -7.272316635416374E-01 -1.061016697916958E-01 -1.135166292313048E-16 -1.061016697916957E-01 5.555555555555550E-02 
-6.000000000000002E-01 1.309016994374947E+00 -1.618033988749894E+00 -1.979357340811805E-17 -2.002174953596488E-17 -1.247209058409246E-15 1.618033988749895E+00 7.006740866523209E-16 -1.309016994374947E+00 5.999999999999998E-01 6.180339887498945E-01 -2.700000000000001E+00 -2.120337301570489E-16 4.855331483333318E-16 2.700000000000001E+00 -6.180339887498949E-01 1.909830056250528E-01 -2.014901489192427E-16 -1.909830056250526E-01 1.332267629550187E-16 
3.333333333333336E-01 -2.386309929642758E-16 1.482205596806221E-16 -1.665407677883189E-16 -6.211299937499413E-01 -2.853081075444558E-16 -2.006888275413554E-17 6.211299937499415E-01 1.120070694062482E-16 -3.333333333333333E-01 -7.272316635416370E-01 -2.986302320706663E-16 1.302059549624544E-16 -1.271970211185968E-16 -1.461254131592440E-17 7.272316635416374E-01 -1.061016697916959E-01 1.247259113254404E-16 1.061016697916958E-01 2.162184671260248E-17 
-6.666666666666667E-01 7.272316635416373E-01 1.061016697916958E-01 -5.555555555555556E-02 7.272316635416367E-01 -1.499999999999999E+00 1.061016697916960E-01 1.061016697916958E-01 7.272316635416373E-01 -3.888888888888887E-01 7.272316635416368E-01 -1.500000000000000E+00 -2.741686490105888E-16 -1.499999999999999E+00 1.500000000000000E+00 7.272316635416372E-01 1.061016697916960E-01 -8.541269572589641E-17 1.061016697916956E-01 -5.555555555555532E-02 
-5.999999999999999E-01 6.964592783595816E-16 -4.322477624702752E-16 2.137576045054545E-17 1.309016994374947E+00 -3.774758283725531E-16 3.794282882751621E-16 -1.618033988749894E+00 3.250427106064394E-17 7.090169943749471E-01 6.180339887498947E-01 1.161093880208616E-16 2.477323740431057E-16 -2.699999999999999E+00 -7.847824356615702E-16 2.000000000000000E+00 1.909830056250527E-01 -7.426991082501318E-17 1.909830056250522E-01 -9.999999999999987E-02 
4.090169943749479E-01 -3.078388837393577E-16 4.058130818986612E-16 -2.684688662338158E-16 -1.909830056250527E-01 1.554312234475220E-16 -3.033025639557071E-16 -6.180339887498947E-01 2.904305669012595E-16 5.999999999999999E-01 -1.309016994374947E+00 -8.372903244624334E-16 1.747689133915506E-16 2.700000000000000E+00 5.308577080005899E-16 -1.309016994374947E+00 -2.000000000000000E+00 -2.183486798680938E-17 1.618033988749894E+00 9.999999999999927E-02 
-6.000000000000015E-01 6.180339887498953E-01 1.909830056250526E-01 1.326212222388274E-16 4.063227594664518E-16 8.148349420289515E-17 -1.909830056250528E-01 -1.134894647394608E-16 -6.180339887498950E-01 6.000000000000000E-01 1.309016994374947E+00 -2.700000000000001E+00 -5.778616505442163E-16 1.590610770698107E-17 2.700000000000002E+00 -1.309016994374947E+00 -1.618033988749894E+00 -8.918743447570627E-17 1.618033988749894E+00 -3.478698810492158E-16 
-6.000000000000003E-01 3.904232761259981E-16 -4.773717423543180E-16 1.241398730325455E-16 6.180339887498948E-01 6.661338147750965E-17 2.788242883846581E-16 1.909830056250524E-01 -3.181861425168884E-16 -4.090169943749470E-01 1.309016994374947E+00 6.439293542825909E-16 -7.149551905069544E-17 -2.699999999999999E+00 9.744620860377279E-18 1.309016994374947E+00 -1.618033988749895E+00 -1.840118013065081E-16 2.000000000000000E+00 -1.000000000000004E-01 
-5.000000000000009E-01 2.155936648173664E-16 -2.319088959092600E-16 8.069443300359345E-17 -2.527590617743913E-16 4.283459884311664E-16 -1.242447621521549E-16 -1.900906173533323E-18 1.292597061574378E-17 5.000000000000002E-01 1.545084971874737E+00 1.592714630599436E-15 -3.550897759456196E-16 1.103925888329355E-15 6.447401841140834E-16 -1.545084971874737E+00 -4.045084971874737E+00 -2.215293204940188E-16 4.045084971874736E+00 -6.574863898483590E-16 
% t collocation differentation matrix
-3.000000000000000E+00 5.606180352372999E-16 -1.664357414356011E-16 3.791442091324009E-16 -2.850743702359581E-16 5.105272205352935E-16 7.527978264483807E-17 6.062809834777644E-17 1.989496078410012E-16 2.166342647052788E-16 4.045084971874736E+00 1.042636519682062E-15 -1.916160534802646E-17 8.216148769295345E-17 -4.568195646581103E-16 -2.654491627237697E-16 -1.545084971874737E+00 -7.119380243195915E-17 5.063721266425307E-16 4.999999999999992E-01 
-7.090169943749478E-01 -2.000000000000000E+00 -1.909830056250521E-01 9.999999999999985E-02 -3.579281579436171E-16 -2.530523878614036E-16 -3.296107169081188E-17 5.301403816504769E-16 4.675206072203464E-16 -1.992620498358107E-16 1.618033988749895E+00 2.700000000000001E+00 -1.909830056250522E-01 -1.071361633850743E-15 -9.413067524984082E-16 1.964009949527197E-16 -1.309016994374947E+00 -6.180339887498947E-01 6.261727773341955E-16 5.999999999999992E-01 
4.090169943749485E-01 -1.309016994374948E+00 -1.999999999999999E+00 9.999999999999952E-02 -4.568703382658181E-16 -3.152478525443598E-16 -1.130846560837592E-16 7.407643838672661E-16 3.369753709433285E-16 -3.216077300371760E-16 -1.909830056250523E-01 2.700000000000001E+00 1.618033988749896E+00 -1.150221181936047E-15 -1.043623545649833E-15 7.593301814960630E-17 -6.180339887498955E-01 -1.309016994374947E+00 6.510034824201524E-16 5.999999999999995E-01 
-5.000000000000002E-01 1.545084971874736E+00 -4.045084971874735E+00 -8.365055426556073E-16 -1.752185839116825E-16 7.356971267927880E-16 -7.881648037729197E-16 3.979616978719046E-16 -1.085150882982281E-17 3.236714085694776E-17 1.083284100217387E-15 -3.561663935562869E-15 4.045084971874740E+00 -1.001643381078556E-15 2.218626891933770E-16 -1.153544433609885E-16 4.945949236973295E-16 -1.545084971874737E+00 5.282706510738659E-16 4.999999999999993E-01 
-7.090169943749483E-01 3.798597300094230E-17 1.318169442968940E-16 1.007111657374778E-16 -2.000000000000000E+00 1.554312234475221E-16 -2.156312183658139E-19 -1.909830056250527E-01 2.254219297103829E-16 1.000000000000003E-01 1.618033988749894E+00 8.372903244624334E-16 -3.558771394602028E-16 2.700000000000001E+00 -4.736664244163462E-16 -1.909830056250533E-01 -1.309016994374947E+00 -3.495669522546920E-17 -6.180339887498945E-01 5.999999999999993E-01 
3.888888888888888E-01 -7.272316635416375E-01 -1.061016697916956E-01 5.555555555555531E-02 -7.272316635416372E-01 -1.500000000000001E+00 2.152833997031670E-16 -1.061016697916956E-01 2.398467876067401E-16 5.555555555555575E-02 -1.061016697916963E-01 1.500000000000000E+00 -1.061016697916957E-01 1.499999999999998E+00 1.500000000000001E+00 -1.061016697916966E-01 -7.272316635416370E-01 -7.272316635416376E-01 -7.272316635416367E-01 6.666666666666661E-01 
-6.000000000000002E-01 1.309016994374946E+00 -1.618033988749892E+00 -1.103404730116040E-15 6.180339887498939E-01 -2.700000000000000E+00 8.594389291758935E-17 1.909830056250530E-01 -5.150727351058730E-17 5.224179689167100E-16 -2.766048175691978E-16 -3.506483118864841E-16 1.618033988749895E+00 -7.481645653451370E-16 2.700000000000001E+00 -1.909830056250535E-01 -9.493843648755320E-18 -1.309016994374947E+00 -6.180339887498941E-01 5.999999999999996E-01 
4.090169943749478E-01 3.446516319527594E-17 1.763941694670711E-16 2.124346042637910E-16 -1.309016994374947E+00 1.554312234475220E-16 -4.926531190264564E-17 -2.000000000000000E+00 5.857118428359711E-17 9.999999999999939E-02 -1.909830056250527E-01 -4.695332574689086E-16 -3.646140223673804E-16 2.700000000000000E+00 1.556675481434698E-16 1.618033988749895E+00 -6.180339887498948E-01 3.375653153984838E-16 -1.309016994374947E+00 5.999999999999996E-01 
-5.999999999999991E-01 6.180339887498953E-01 1.909830056250527E-01 -2.303031233561155E-16 1.309016994374947E+00 -2.699999999999999E+00 1.426041736710272E-17 -1.618033988749895E+00 -2.463630406933771E-16 -2.959819995399805E-16 1.540028288843384E-16 -1.957232110466618E-15 -1.909830056250524E-01 -1.167617682023225E-15 2.700000000000002E+00 1.618033988749895E+00 6.722068059820742E-17 -6.180339887498947E-01 -1.309016994374947E+00 5.999999999999998E-01 
-4.999999999999996E-01 1.056150180770603E-15 -2.336720095306429E-16 2.145140956331181E-16 1.545084971874736E+00 5.755316262184075E-16 1.378292049600212E-16 -4.045084971874736E+00 -8.881784197001252E-16 -2.758440394639242E-16 -1.423005492848405E-16 -1.126420960256870E-15 -2.248817668855747E-16 -9.325784861105051E-17 -2.083083237148846E-16 4.045084971874737E+00 2.790142930644092E-16 3.172877059340041E-16 -1.545084971874737E+00 5.000000000000000E-01 
-8.090169943749480E-01 6.360284704304224E-16 -9.942454765305862E-17 2.619706112456293E-17 -2.649238407302561E-18 -2.483606079075388E-17 -4.849895312576983E-17 1.498189715561801E-16 -5.619747982028356E-17 -1.970149699244137E-16 1.221340567359454E-15 -1.057954122370911E-15 1.426539353092884E-16 -4.815476130686428E-16 1.287304082673902E-16 4.671052657737460E-16 1.118033988749895E+00 -3.245181434707275E-17 -3.497306596195587E-16 -3.090169943749469E-01 
3.333333333333339E-01 -7.272316635416376E-01 -1.061016697916956E-01 -3.512491422232879E-17 -1.643105548857035E-16 -6.746972160363605E-16 7.116582585950159E-18 2.570084786409001E-16 1.263795680009601E-16 -1.566076558481762E-16 -6.211299937499414E-01 -2.018777185601494E-16 1.061016697916958E-01 -2.254774537368501E-16 9.751454217991949E-17 1.520801642188352E-16 6.211299937499413E-01 7.272316635416375E-01 4.908445853873033E-17 -3.333333333333330E-01 
-6.000000000000008E-01 1.309016994374947E+00 -1.618033988749895E+00 -1.000000000000003E-01 1.177855206762204E-16 7.456995136552141E-16 -5.195228865731378E-16 -1.814441762428911E-16 -1.738575983514046E-16 1.129329853743099E-16 6.180339887498940E-01 -2.699999999999999E+00 2.000000000000000E+00 6.662902227631739E-16 4.436208764860247E-16 6.925598019304955E-17 1.909830056250522E-01 1.309016994374948E+00 -7.524006354862121E-16 -4.090169943749474E-01 
3.333333333333340E-01 -2.914852656711699E-16 1.669594077688182E-16 -1.276601866871602E-16 -7.272316635416374E-01 6.275837037315637E-17 -1.720119539371384E-16 -1.061016697916959E-01 3.783415915858442E-17 -9.055936062625571E-17 -6.211299937499416E-01 1.695668054579919E-16 2.606261383835407E-17 -1.420905125993454E-16 1.511389900038498E-16 1.061016697916962E-01 6.211299937499415E-01 2.082628236887088E-17 7.272316635416369E-01 -3.333333333333330E-01 
-6.666666666666659E-01 7.272316635416373E-01 1.061016697916956E-01 -5.555555555555550E-02 7.272316635416369E-01 -1.500000000000000E+00 2.565613857625245E-16 1.061016697916958E-01 -2.082920077262520E-16 -5.555555555555561E-02 7.272316635416368E-01 -1.500000000000000E+00 1.061016697916954E-01 -1.500000000000000E+00 1.500000000000001E+00 1.061016697916961E-01 1.061016697916959E-01 7.272316635416374E-01 7.272316635416368E-01 -3.888888888888885E-01 
-6.000000000000005E-01 6.171037327411635E-16 -3.264479301597597E-16 2.117334681999934E-16 1.309016994374947E+00 5.107025913275722E-16 2.746844875381670E-17 -1.618033988749894E+00 2.545488759856753E-16 -1.000000000000004E-01 6.180339887498945E-01 4.029198759913992E-16 2.251792553455656E-17 -2.699999999999999E+00 -6.515556727065514E-16 2.000000000000000E+00 1.909830056250526E-01 -3.495669522546920E-17 1.309016994374947E+00 -4.090169943749470E-01 
3.090169943749475E-01 -2.205158327978309E-16 2.201305405797123E-16 -3.103430998962727E-16 -9.695816863721277E-17 2.133868882773594E-17 -3.619397633365966E-17 6.370103849440702E-17 -1.217453072398638E-17 -1.449680908903249E-17 -1.118033988749894E+00 -5.099396416553560E-16 3.849933467310966E-16 -3.148081055328742E-16 3.079108225892075E-17 -5.782891614989215E-17 3.614714000130922E-16 9.046784645672703E-17 3.132547131115470E-16 8.090169943749468E-01 
-6.000000000000015E-01 6.180339887498948E-01 1.909830056250520E-01 -9.999999999999964E-02 2.506451910569820E-16 5.718370911338503E-16 7.131833381429322E-17 -4.908300174401174E-16 -1.235429041918385E-16 3.324014576303277E-16 1.309016994374947E+00 -2.699999999999998E+00 1.909830056250519E-01 8.399523686108555E-16 3.140270451891511E-16 -2.733318248696546E-16 -1.618033988749894E+00 2.000000000000000E+00 4.493491625295162E-17 7.090169943749466E-01 
-5.999999999999996E-01 4.018300400723828E-16 -3.108333085794992E-16 9.931453150007272E-17 6.180339887498948E-01 -1.554312234475217E-16 9.377711103546984E-17 1.909830056250525E-01 -4.063038636059933E-17 -9.999999999999966E-02 1.309016994374947E+00 0.000000000000000E+00 1.578182144256207E-16 -2.699999999999999E+00 -3.274856228695139E-16 1.909830056250524E-01 -1.618033988749895E+00 -2.950341037690237E-16 2.000000000000000E+00 7.090169943749469E-01 
-5.000000000000004E-01 1.053893282152789E-16 -4.486400506353157E-16 1.779936241798880E-16 -3.223339218817739E-17 -6.845197076474427E-17 -1.550200229694801E-16 -3.337151747435759E-16 -4.804122327951010E-17 6.517694759571631E-16 1.545084971874737E+00 1.827418955343632E-15 2.614269363797582E-16 1.650551276221813E-15 6.691837452568460E-16 -1.317067505685803E-15 -4.045084971874738E+00 -9.500916308364869E-16 -2.021684341639732E-16 3.000000000000000E+00 
% faceNodes
0 1 2 3 4 5 6 7 8 9 
0 1 2 3 10 11 12 16 17 19 
3 6 8 9 12 14 15 17 18 19 
0 4 7 9 10 13 15 16 18 19 
% LIFT matrix
5.999999999999996E+00 4.045084971874729E+00 -1.545084971874735E+00 4.999999999999994E-01 4.045084971874728E+00 3.119894934833509E-15 3.212181539252274E-15 -1.545084971874735E+00 -3.126507498135327E-16 4.999999999999992E-01 5.999999999999999E+00 4.045084971874741E+00 -1.545084971874736E+00 5.000000000000001E-01 4.045084971874732E+00 7.784189054308133E-15 3.627862906813515E-15 -1.545084971874737E+00 -3.428650618933938E-15 5.000000000000000E-01 -5.000000000000000E-01 -2.499999999999998E+00 -2.499999999999997E+00 -4.999999999999999E-01 -2.500000000000000E+00 -1.349999999999997E+01 -2.499999999999998E+00 -2.499999999999992E+00 -2.499999999999992E+00 -4.999999999999989E-01 6.000000000000002E+00 4.045084971874751E+00 -1.545084971874743E+00 5.000000000000011E-01 4.045084971874744E+00 5.346097745428309E-15 -1.749544726980043E-15 -1.545084971874737E+00 -1.418982827758454E-16 5.000000000000000E-01 
3.236067977499782E-01 7.999999999999989E+00 9.999999999999970E-01 -1.236067977499788E-01 1.618033988749892E+00 2.699999999999995E+00 -1.909830056250526E-01 -1.309016994374945E+00 -6.180339887498932E-01 5.999999999999989E-01 3.236067977499800E-01 8.000000000000002E+00 1.000000000000002E+00 -1.236067977499792E-01 1.618033988749892E+00 2.700000000000001E+00 -1.909830056250507E-01 -1.309016994374948E+00 -6.180339887498949E-01 5.999999999999998E-01 -4.642956348249506E-01 2.309016994374946E+00 -3.819660112501050E-01 -1.381966011250106E-01 2.309016994374946E+00 1.953738353924934E+00 -1.894427190999916E+00 -3.819660112501046E-01 -1.894427190999914E+00 -1.381966011250099E-01 5.642956348249524E-01 -2.618033988749899E+00 1.190983005625052E+00 -3.618033988749894E-01 -2.618033988749898E+00 7.462616460750512E-01 -1.055728090000821E-01 1.190983005625051E+00 -1.055728090000821E-01 -3.618033988749887E-01 
-1.236067977499790E-01 9.999999999999971E-01 7.999999999999990E+00 3.236067977499784E-01 -1.909830056250516E-01 2.699999999999995E+00 1.618033988749889E+00 -6.180339887498921E-01 -1.309016994374945E+00 5.999999999999993E-01 -1.236067977499791E-01 1.000000000000001E+00 8.000000000000000E+00 3.236067977499789E-01 -1.909830056250511E-01 2.699999999999998E+00 1.618033988749893E+00 -6.180339887498952E-01 -1.309016994374947E+00 5.999999999999999E-01 5.642956348249500E-01 -2.618033988749894E+00 1.190983005625051E+00 -3.618033988749895E-01 -2.618033988749892E+00 7.462616460750550E-01 -1.055728090000848E-01 1.190983005625050E+00 -1.055728090000845E-01 -3.618033988749888E-01 -4.642956348249517E-01 2.309016994374951E+00 -3.819660112501043E-01 -1.381966011250100E-01 2.309016994374951E+00 1.953738353924944E+00 -1.894427190999916E+00 -3.819660112501040E-01 -1.894427190999915E+00 -1.381966011250097E-01 
4.999999999999983E-01 -1.545084971874734E+00 4.045084971874723E+00 5.999999999999997E+00 3.058744919907585E-15 -1.295658983853508E-14 4.045084971874725E+00 1.172910134307353E-15 -1.545084971874736E+00 4.999999999999994E-01 4.999999999999999E-01 -1.545084971874735E+00 4.045084971874736E+00 6.000000000000000E+00 1.295393232413787E-15 4.055288994553025E-15 4.045084971874735E+00 1.393540270240533E-16 -1.545084971874737E+00 4.999999999999997E-01 6.000000000000001E+00 4.045084971874738E+00 -1.545084971874739E+00 5.000000000000000E-01 4.045084971874735E+00 6.324836931623255E-15 2.503915279404928E-15 -1.545084971874735E+00 3.445863297134488E-15 4.999999999999994E-01 -4.999999999999992E-01 -2.500000000000012E+00 -2.499999999999997E+00 -5.000000000000004E-01 -2.500000000000009E+00 -1.350000000000000E+01 -2.499999999999998E+00 -2.499999999999996E+00 -2.499999999999994E+00 -4.999999999999998E-01 
3.236067977499780E-01 1.618033988749892E+00 -1.309016994374947E+00 5.999999999999999E-01 7.999999999999996E+00 2.699999999999994E+00 -6.180339887498928E-01 9.999999999999979E-01 -1.909830056250523E-01 -1.236067977499788E-01 5.642956348249529E-01 -2.618033988749897E+00 1.190983005625053E+00 -3.618033988749900E-01 -2.618033988749892E+00 7.462616460750519E-01 -1.055728090000850E-01 1.190983005625051E+00 -1.055728090000845E-01 -3.618033988749887E-01 -1.381966011250113E-01 -3.819660112501071E-01 2.309016994374948E+00 -4.642956348249512E-01 -1.894427190999918E+00 1.953738353924940E+00 2.309016994374946E+00 -1.894427190999913E+00 -3.819660112501030E-01 -1.381966011250103E-01 3.236067977499797E-01 8.000000000000012E+00 1.000000000000001E+00 -1.236067977499796E-01 1.618033988749901E+00 2.700000000000005E+00 -1.909830056250538E-01 -1.309016994374950E+00 -6.180339887498970E-01 6.000000000000006E-01 
-1.111111111111113E-01 5.555555555555547E-01 5.555555555555547E-01 -1.111111111111113E-01 5.555555555555542E-01 8.999999999999991E+00 5.555555555555549E-01 5.555555555555536E-01 5.555555555555537E-01 -1.111111111111111E-01 -2.304371806080564E-16 -8.333333333333338E-01 -8.333333333333340E-01 -3.980018111124518E-16 1.061016697916960E-01 -1.499999999999998E+00 1.061016697916959E-01 7.272316635416365E-01 7.272316635416370E-01 -4.999999999999993E-01 -4.158003939005119E-16 -8.333333333333320E-01 -8.333333333333325E-01 -1.764920666822678E-16 1.061016697916958E-01 -1.499999999999997E+00 1.061016697916960E-01 7.272316635416364E-01 7.272316635416360E-01 -4.999999999999991E-01 6.830954231205864E-17 -8.333333333333348E-01 -8.333333333333338E-01 7.716066051969753E-17 1.061016697916962E-01 -1.499999999999999E+00 1.061016697916957E-01 7.272316635416370E-01 7.272316635416367E-01 -4.999999999999993E-01 
5.999999999999986E-01 -1.309016994374943E+00 1.618033988749887E+00 3.236067977499782E-01 -6.180339887498909E-01 2.699999999999990E+00 7.999999999999991E+00 -1.909830056250514E-01 9.999999999999989E-01 -1.236067977499791E-01 -3.618033988749893E-01 1.190983005625050E+00 -2.618033988749892E+00 5.642956348249507E-01 -1.055728090000844E-01 7.462616460750511E-01 -2.618033988749892E+00 -1.055728090000846E-01 1.190983005625049E+00 -3.618033988749888E-01 3.236067977499796E-01 7.999999999999990E+00 9.999999999999981E-01 -1.236067977499793E-01 1.618033988749892E+00 2.699999999999990E+00 -1.909830056250520E-01 -1.309016994374946E+00 -6.180339887498933E-01 5.999999999999988E-01 -1.381966011250100E-01 -3.819660112501074E-01 2.309016994374946E+00 -4.642956348249512E-01 -1.894427190999918E+00 1.953738353924939E+00 2.309016994374946E+00 -1.894427190999912E+00 -3.819660112501024E-01 -1.381966011250103E-01 
-1.236067977499789E-01 -1.909830056250525E-01 -6.180339887498913E-01 5.999999999999989E-01 9.999999999999976E-01 2.699999999999991E+00 -1.309016994374943E+00 7.999999999999987E+00 1.618033988749889E+00 3.236067977499787E-01 -4.642956348249517E-01 2.309016994374946E+00 -3.819660112501029E-01 -1.381966011250102E-01 2.309016994374942E+00 1.953738353924943E+00 -1.894427190999915E+00 -3.819660112501027E-01 -1.894427190999913E+00 -1.381966011250100E-01 -3.618033988749890E-01 1.190983005625051E+00 -2.618033988749893E+00 5.642956348249504E-01 -1.055728090000851E-01 7.462616460750526E-01 -2.618033988749893E+00 -1.055728090000836E-01 1.190983005625051E+00 -3.618033988749889E-01 -1.236067977499800E-01 1.000000000000002E+00 7.999999999999996E+00 3.236067977499797E-01 -1.909830056250500E-01 2.699999999999999E+00 1.618033988749894E+00 -6.180339887498952E-01 -1.309016994374948E+00 5.999999999999995E-01 
5.999999999999988E-01 -6.180339887498911E-01 -1.909830056250523E-01 -1.236067977499793E-01 -1.309016994374942E+00 2.699999999999990E+00 9.999999999999988E-01 1.618033988749890E+00 7.999999999999995E+00 3.236067977499796E-01 -1.381966011250093E-01 -3.819660112501040E-01 2.309016994374946E+00 -4.642956348249510E-01 -1.894427190999912E+00 1.953738353924938E+00 2.309016994374943E+00 -1.894427190999912E+00 -3.819660112501033E-01 -1.381966011250103E-01 -1.236067977499796E-01 9.999999999999983E-01 7.999999999999992E+00 3.236067977499797E-01 -1.909830056250511E-01 2.699999999999994E+00 1.618033988749891E+00 -6.180339887498941E-01 -1.309016994374945E+00 5.999999999999990E-01 -3.618033988749886E-01 1.190983005625051E+00 -2.618033988749891E+00 5.642956348249505E-01 -1.055728090000848E-01 7.462616460750546E-01 -2.618033988749892E+00 -1.055728090000831E-01 1.190983005625052E+00 -3.618033988749888E-01 
4.999999999999996E-01 2.553512956637860E-15 3.691491556878645E-15 4.999999999999989E-01 -1.545084971874734E+00 -6.550315845288424E-15 -1.545084971874734E+00 4.045084971874726E+00 4.045084971874732E+00 6.000000000000002E+00 -4.999999999999991E-01 -2.500000000000001E+00 -2.500000000000001E+00 -4.999999999999988E-01 -2.499999999999997E+00 -1.349999999999998E+01 -2.500000000000002E+00 -2.499999999999990E+00 -2.499999999999991E+00 -5.000000000000002E-01 5.000000000000001E-01 -1.545084971874740E+00 4.045084971874739E+00 6.000000000000000E+00 5.360604075140775E-16 3.272014380678540E-15 4.045084971874734E+00 4.907124470601543E-16 -1.545084971874735E+00 4.999999999999995E-01 4.999999999999998E-01 -1.545084971874741E+00 4.045084971874738E+00 5.999999999999999E+00 2.325623947256404E-15 2.724649392172385E-15 4.045084971874732E+00 1.718780125773864E-15 -1.545084971874735E+00 4.999999999999993E-01 
5.642956348249543E-01 -2.618033988749895E+00 1.190983005625054E+00 -3.618033988749901E-01 -2.618033988749893E+00 7.462616460750570E-01 -1.055728090000846E-01 1.190983005625051E+00 -1.055728090000853E-01 -3.618033988749895E-01 3.236067977499787E-01 1.618033988749894E+00 -1.309016994374947E+00 6.000000000000003E-01 7.999999999999998E+00 2.700000000000002E+00 -6.180339887498930E-01 1.000000000000000E+00 -1.909830056250534E-01 -1.236067977499787E-01 -1.381966011250115E-01 -1.894427190999918E+00 -1.894427190999916E+00 -1.381966011250111E-01 -3.819660112501053E-01 1.953738353924942E+00 -3.819660112501043E-01 2.309016994374947E+00 2.309016994374945E+00 -4.642956348249516E-01 3.236067977499786E-01 1.618033988749904E+00 -1.309016994374951E+00 6.000000000000022E-01 8.000000000000014E+00 2.700000000000008E+00 -6.180339887498983E-01 1.000000000000001E+00 -1.909830056250556E-01 -1.236067977499789E-01 
3.638352377361726E-18 -8.333333333333317E-01 -8.333333333333321E-01 2.255110945006224E-16 1.061016697916955E-01 -1.499999999999999E+00 1.061016697916963E-01 7.272316635416358E-01 7.272316635416358E-01 -4.999999999999992E-01 -1.111111111111110E-01 5.555555555555548E-01 5.555555555555540E-01 -1.111111111111110E-01 5.555555555555545E-01 8.999999999999984E+00 5.555555555555539E-01 5.555555555555539E-01 5.555555555555532E-01 -1.111111111111110E-01 5.734983601288015E-16 1.061016697916956E-01 7.272316635416357E-01 -4.999999999999992E-01 -8.333333333333335E-01 -1.499999999999998E+00 7.272316635416370E-01 -8.333333333333321E-01 1.061016697916965E-01 -1.824194898255014E-16 2.000670007752063E-16 1.061016697916951E-01 7.272316635416369E-01 -4.999999999999997E-01 -8.333333333333341E-01 -1.500000000000002E+00 7.272316635416372E-01 -8.333333333333331E-01 1.061016697916958E-01 -1.597195004835698E-16 
