% degree N
3
% number of nodes
20
% node coordinates
-1.000000000000000E+00 -1.000000000000000E+00 -9.999999999999999E-01
-4.472135954999581E-01 -1.000000000000000E+00 -9.999999999999999E-01
4.472135954999578E-01 -1.000000000000000E+00 -9.999999999999999E-01
1.000000000000000E+00 -1.000000000000000E+00 -9.999999999999999E-01
-1.000000000000000E+00 -4.472135954999580E-01 -9.999999999999999E-01
-3.333333333333333E-01 -3.333333333333334E-01 -9.999999999999999E-01
4.472135954999577E-01 -4.472135954999580E-01 -9.999999999999999E-01
-9.999999999999999E-01 4.472135954999577E-01 -9.999999999999999E-01
-4.472135954999580E-01 4.472135954999577E-01 -9.999999999999999E-01
-9.999999999999999E-01 9.999999999999998E-01 -9.999999999999999E-01
-1.000000000000000E+00 -1.000000000000000E+00 -4.472135954999581E-01
-3.333333333333335E-01 -9.999999999999998E-01 -3.333333333333333E-01
4.472135954999578E-01 -1.000000000000000E+00 -4.472135954999579E-01
-1.000000000000000E+00 -3.333333333333334E-01 -3.333333333333333E-01
-3.333333333333334E-01 -3.333333333333334E-01 -3.333333333333333E-01
-1.000000000000000E+00 4.472135954999578E-01 -4.472135954999579E-01
-1.000000000000000E+00 -9.999999999999998E-01 4.472135954999577E-01
-4.472135954999579E-01 -9.999999999999997E-01 4.472135954999577E-01
-9.999999999999999E-01 -4.472135954999580E-01 4.472135954999580E-01
-1.000000000000000E+00 -1.000000000000000E+00 1.000000000000000E+00
% r collocation differentation matrix
-3.000000000000000E+00 4.045084971874735E+00 -1.545084971874735E+00 4.999999999999996E-01 -5.039000359436487E-16 5.124332225314379E-16 -8.844056070697852E-17 1.825764904843898E-16 1.796696992428710E-16 -1.846391911009990E-16 -1.558053481846881E-16 1.016709054517802E-15 -5.373250619817628E-16 -2.132909003434476E-16 6.902660053015937E-16 -7.232209585928805E-17 -3.766111810234646E-16 9.806119684882959E-17 -1.848308867160997E-16 4.398831989358103E-17 
-8.090169943749476E-01 3.822111364399343E-16 1.118033988749895E+00 -3.090169943749473E-01 -1.628321905683322E-16 1.569647521507100E-16 -9.986131216163138E-17 -5.921046406655896E-18 1.039788628802732E-16 -3.432271583865968E-17 -2.087972148960495E-16 3.268912685962549E-16 -3.123414791473416E-17 2.127449148307562E-17 7.251259143074850E-18 -6.206789386162320E-17 -1.170761695815939E-16 -1.159341894330639E-17 6.800368560448657E-17 1.149209673797996E-17 
3.090169943749477E-01 -1.118033988749895E+00 2.960594732333750E-16 8.090169943749472E-01 -2.177037105816866E-17 -6.732375516154594E-17 7.244406511974659E-19 -1.056248357867235E-16 6.949224317416505E-17 -7.723805790999595E-18 -2.121996648801310E-18 -2.565340195968604E-16 1.288247242889503E-16 8.412467072947659E-17 -9.185725680558368E-17 9.759299274378108E-18 4.115579570134867E-18 1.095983302084224E-16 -7.828008912934461E-18 -1.935636605177816E-17 
-5.000000000000000E-01 1.545084971874736E+00 -4.045084971874736E+00 3.000000000000000E+00 -1.208135893410828E-16 7.931462085904254E-17 2.783682537224839E-16 -2.805354680703681E-17 9.369756423239825E-17 -1.813098001609822E-16 8.861339566415289E-16 -1.141415947294936E-15 3.040569730133051E-16 -7.723459316047685E-17 6.368897296161757E-16 7.295647102947654E-17 2.282586444412032E-17 4.447568669972705E-16 -2.250311895516020E-16 -7.168583256278152E-17 
-7.090169943749475E-01 1.618033988749894E+00 -1.309016994374947E+00 6.000000000000001E-01 -1.999999999999999E+00 2.700000000000000E+00 -6.180339887498949E-01 -1.909830056250525E-01 -1.909830056250528E-01 1.000000000000001E-01 2.154701780449897E-16 1.742958515386771E-16 -6.641916127664520E-17 1.883227364709007E-16 -2.812777609604626E-17 1.205916260263710E-16 4.903963219751150E-17 4.709706347506615E-16 1.732683883822920E-16 -1.099304336310031E-16 
3.333333333333335E-01 -6.211299937499415E-01 6.211299937499414E-01 -3.333333333333334E-01 -7.272316635416366E-01 -1.506278188766746E-15 7.272316635416380E-01 -1.061016697916959E-01 1.061016697916960E-01 -2.087755448153774E-17 -9.603711378764637E-17 -7.999457805528837E-17 1.695870575324067E-16 -3.667198625392279E-16 7.157443926672841E-17 -6.525470712907026E-17 4.187939780702875E-17 4.187939780702869E-17 8.009070701489447E-17 -3.041928975051146E-17 
-5.999999999999999E-01 1.309016994374946E+00 -1.618033988749893E+00 7.090169943749465E-01 6.180339887498940E-01 -2.700000000000000E+00 2.000000000000000E+00 1.909830056250527E-01 1.909830056250527E-01 -1.000000000000001E-01 3.730504158025985E-18 -5.317548690631792E-16 9.431320756947449E-17 -1.773713318257277E-17 -9.115710143614433E-17 3.057314066611503E-16 -1.352502000305313E-16 2.297392592690017E-17 -3.491061988262590E-16 3.739291978505557E-17 
4.090169943749480E-01 -1.909830056250530E-01 -6.180339887498952E-01 6.000000000000001E-01 -1.309016994374946E+00 2.699999999999999E+00 -1.309016994374948E+00 -2.000000000000000E+00 1.618033988749895E+00 9.999999999999989E-02 4.519135916112200E-16 -8.677608867454688E-16 -9.901505062490457E-17 -5.156904741517505E-16 7.706403809459159E-16 2.323031326916426E-16 1.227950664931886E-16 7.556915703229138E-16 -2.770646548587782E-17 -1.813768948135665E-16 
-5.999999999999995E-01 6.180339887498961E-01 1.909830056250524E-01 -4.090169943749473E-01 1.309016994374947E+00 -2.700000000000000E+00 1.309016994374948E+00 -1.618033988749895E+00 2.000000000000000E+00 -1.000000000000001E-01 -4.387056585079527E-16 5.047356181913995E-16 -1.369252510771440E-16 -2.247061825670418E-16 1.349434482570872E-16 2.409649238277780E-17 2.486370847322280E-17 -1.333604174842083E-16 -3.808014729228143E-16 4.012882080353552E-17 
-4.999999999999993E-01 1.528844545759737E-15 -1.702341971091906E-15 5.000000000000002E-01 1.545084971874738E+00 9.331607577927453E-16 -1.545084971874739E+00 -4.045084971874739E+00 4.045084971874740E+00 -2.582264850730881E-16 -4.862063308998890E-16 -8.741873697847784E-16 -1.156519748227057E-15 2.830531277752767E-16 1.196335515436171E-15 3.550677474594333E-16 2.851538568136389E-16 2.324124814944953E-16 -5.880862325946689E-16 1.137739575845488E-16 
-7.090169943749478E-01 1.618033988749895E+00 -1.309016994374946E+00 5.999999999999994E-01 3.146425846574542E-16 -1.744059442320249E-15 7.818042519191220E-17 2.604214685872604E-16 2.803137719130459E-16 -4.364820065918254E-16 -1.999999999999999E+00 2.700000000000000E+00 -6.180339887498941E-01 -8.253882738226621E-16 -1.592403301983087E-15 2.428510955262896E-16 -1.909830056250529E-01 -1.909830056250524E-01 2.344053727866399E-16 9.999999999999988E-02 
3.333333333333336E-01 -6.211299937499414E-01 6.211299937499412E-01 -3.333333333333333E-01 -1.906874367169997E-16 8.991146851166068E-17 2.941073822842452E-17 2.604214685872604E-16 -1.621995172250915E-16 5.353546565124204E-17 -7.272316635416375E-01 1.363534351786310E-16 7.272316635416374E-01 -3.287207263544672E-16 3.761312048825962E-16 -6.390189564445718E-17 -1.061016697916960E-01 1.061016697916958E-01 7.988832627031548E-17 5.393866325647986E-17 
-5.999999999999999E-01 1.309016994374945E+00 -1.618033988749894E+00 7.090169943749473E-01 -6.122019514335526E-16 1.162706294880166E-15 5.070558183699399E-16 -2.604214685872604E-16 -4.883900117166862E-16 3.581390823317542E-16 6.180339887498942E-01 -2.700000000000001E+00 2.000000000000000E+00 1.876941108190859E-15 1.027745898441819E-15 -3.157064241841765E-16 1.909830056250529E-01 1.909830056250525E-01 -9.376214911465596E-17 -9.999999999999991E-02 
3.888888888888890E-01 -1.061016697916960E-01 -7.272316635416368E-01 6.666666666666663E-01 -7.272316635416368E-01 1.499999999999999E+00 -7.272316635416372E-01 -1.061016697916956E-01 -1.061016697916958E-01 5.555555555555527E-02 -7.272316635416373E-01 1.499999999999999E+00 -7.272316635416368E-01 -1.500000000000002E+00 1.500000000000000E+00 2.064234311973462E-16 -1.061016697916959E-01 -1.061016697916955E-01 1.406432236719839E-16 5.555555555555539E-02 
-6.666666666666662E-01 7.272316635416369E-01 1.061016697916960E-01 -3.888888888888889E-01 7.272316635416375E-01 -1.499999999999999E+00 7.272316635416373E-01 1.061016697916958E-01 1.061016697916955E-01 -5.555555555555532E-02 7.272316635416366E-01 -1.500000000000000E+00 7.272316635416373E-01 -1.500000000000000E+00 1.500000000000002E+00 -2.914213146315476E-16 1.061016697916958E-01 1.061016697916957E-01 -1.875242982293119E-16 -5.555555555555543E-02 
-6.000000000000000E-01 1.528844545759737E-15 -3.700743415417188E-16 5.999999999999996E-01 1.309016994374947E+00 -1.325197928412364E-16 -1.309016994374948E+00 -1.618033988749896E+00 1.618033988749895E+00 1.077588649211372E-16 6.180339887498955E-01 -6.463716067652662E-16 -6.180339887498950E-01 -2.700000000000002E+00 2.700000000000002E+00 -7.632043775973318E-17 1.909830056250529E-01 -1.909830056250524E-01 3.303659791229106E-16 -2.212786459360029E-16 
4.090169943749477E-01 -1.909830056250520E-01 -6.180339887498957E-01 6.000000000000001E-01 8.541608940678026E-18 -1.162706294880166E-15 -1.014111636739880E-15 5.208429371745208E-16 1.057199729594449E-15 -5.372086234976312E-16 -1.309016994374947E+00 2.700000000000002E+00 -1.309016994374948E+00 -0.000000000000000E+00 -2.613473791708670E-15 8.742639438946427E-16 -2.000000000000000E+00 1.618033988749895E+00 -2.812864473439679E-16 9.999999999999998E-02 
-6.000000000000001E-01 6.180339887498945E-01 1.909830056250518E-01 -4.090169943749472E-01 2.975593667760983E-16 5.813531474400831E-16 7.818042519191220E-17 2.604214685872604E-16 -9.194011311876780E-17 1.566858485201424E-16 1.309016994374947E+00 -2.700000000000001E+00 1.309016994374947E+00 -0.000000000000000E+00 2.004594374677812E-15 1.457106573157738E-16 -1.618033988749894E+00 2.000000000000000E+00 -5.156918201306077E-16 -9.999999999999984E-02 
-6.000000000000003E-01 4.777639205499179E-16 -1.480297366166875E-16 5.999999999999993E-01 6.180339887498952E-01 -1.151883612652602E-15 -6.180339887498943E-01 1.909830056250529E-01 -1.909830056250524E-01 -2.281001675072862E-16 1.309016994374948E+00 -1.636033268662069E-15 -1.309016994374947E+00 -2.700000000000000E+00 2.700000000000000E+00 3.708836516956529E-16 -1.618033988749895E+00 1.618033988749896E+00 -3.772040481624087E-16 -1.818374395175683E-16 
-4.999999999999995E-01 -6.978851861179802E-17 -1.406282497858531E-15 5.000000000000000E-01 5.541816335830169E-16 -2.274835278014297E-16 0.000000000000000E+00 0.000000000000000E+00 2.195311092192148E-15 -4.698345248539427E-16 1.545084971874736E+00 1.626507547556239E-15 -1.545084971874738E+00 -0.000000000000000E+00 -3.299484917587345E-15 7.983415448770347E-16 -4.045084971874737E+00 4.045084971874739E+00 -1.268761609680406E-15 4.659871559195984E-17 
% s collocation differentation matrix
-3.000000000000000E+00 7.644222728798686E-16 -6.270640269996783E-16 3.310045537663031E-16 4.045084971874736E+00 2.034736016040291E-15 -8.778543653427782E-16 -1.545084971874737E+00 1.411368313127912E-16 5.000000000000001E-01 -4.494128339262262E-16 1.149689791730854E-15 1.166815770991689E-16 1.803780869253134E-16 6.718580644688986E-16 3.076108047989074E-16 -6.476593091676525E-16 -6.476593091676521E-16 -1.452302297416623E-16 2.494266103984230E-16 
-7.090169943749477E-01 -1.999999999999999E+00 -1.909830056250535E-01 1.000000000000007E-01 1.618033988749896E+00 2.700000000000000E+00 -1.909830056250538E-01 -1.309016994374947E+00 -6.180339887498948E-01 5.999999999999999E-01 9.133620316190110E-17 5.174074853707986E-16 -1.851387407898097E-16 1.232887549506702E-16 -1.250932877070398E-16 3.889506603869501E-16 1.157434315901341E-16 8.937274393056198E-17 2.852595711879804E-16 1.675996068197750E-17 
4.090169943749473E-01 -1.309016994374946E+00 -2.000000000000000E+00 9.999999999999999E-02 -1.909830056250516E-01 2.699999999999999E+00 1.618033988749896E+00 -6.180339887498945E-01 -1.309016994374948E+00 6.000000000000000E-01 1.259182738321192E-16 2.315415466939834E-17 4.429032280696840E-16 -5.151591992329804E-16 -5.635415390062609E-16 5.455044294179670E-16 2.202874773207091E-16 2.202874773207092E-16 -2.364662312483723E-16 1.097135806128193E-17 
-5.000000000000003E-01 1.545084971874739E+00 -4.045084971874736E+00 -6.620091075326062E-16 1.658629012694052E-16 -2.034736016040291E-15 4.045084971874739E+00 0.000000000000000E+00 -1.545084971874737E+00 4.999999999999997E-01 3.206954471201595E-16 -4.448849392616403E-16 -4.480404611701120E-16 -6.662222080985028E-16 4.856745626704905E-16 -2.361245826077627E-16 -3.969701191383293E-16 -5.288235574361889E-16 7.703381748492607E-16 -2.239784641507809E-16 
-8.090169943749479E-01 3.822111364399343E-16 3.735115975771249E-17 5.516742562771718E-17 2.327788351403365E-16 -8.720297211601246E-16 0.000000000000000E+00 1.118033988749896E+00 2.046484054035472E-16 -3.090169943749476E-01 4.997312788471425E-17 -3.241531079689993E-17 -2.451973837067504E-18 -3.330608186277128E-17 4.213636514282399E-17 2.454227142407804E-17 -6.799420973515382E-17 9.022991622227755E-17 -8.023288847025440E-17 3.110615702370303E-17 
3.333333333333335E-01 -7.272316635416376E-01 -1.061016697916960E-01 4.137556922078789E-17 -6.211299937499414E-01 -1.017368008020145E-15 1.061016697916961E-01 6.211299937499415E-01 7.272316635416380E-01 -3.333333333333334E-01 -6.726165545128160E-17 -2.093329101111104E-16 8.352154688976058E-17 2.963085891315142E-17 -9.223844048017221E-17 -1.092029819115423E-17 1.534363545847372E-16 1.534363545847372E-16 -7.494049969980353E-17 -1.958324175913698E-17 
-6.000000000000000E-01 1.309016994374946E+00 -1.618033988749894E+00 -1.000000000000006E-01 6.180339887498938E-01 -2.699999999999999E+00 2.000000000000000E+00 1.909830056250527E-01 1.309016994374948E+00 -4.090169943749475E-01 1.092138190707978E-17 6.442434699711864E-17 1.493027333345710E-16 1.896453660138620E-16 9.713735478532028E-17 -1.409194510953324E-16 -2.708748141412261E-17 -1.061995443928381E-16 -3.863711089018371E-16 8.282624694300875E-17 
3.090169943749477E-01 -0.000000000000000E+00 4.891454629303853E-16 -1.930859896970101E-16 -1.118033988749895E+00 -1.453382868600208E-15 2.478195605720999E-16 1.186272300221428E-15 -3.810694445445362E-16 8.090169943749471E-01 2.455749874295952E-17 -3.718776568141933E-16 1.268897597300143E-16 -2.399045054105731E-16 -9.405092635111662E-17 2.315355418127282E-16 1.281004593170683E-16 1.808418346362120E-16 -7.390570730790065E-17 -2.517446105781977E-17 
-5.999999999999996E-01 6.180339887498950E-01 1.909830056250523E-01 -9.999999999999994E-02 1.309016994374946E+00 -2.700000000000000E+00 1.909830056250524E-01 -1.618033988749894E+00 2.000000000000000E+00 7.090169943749471E-01 -2.379685236092728E-16 3.221585774477448E-16 5.687753010612503E-17 2.417196864080103E-16 -5.983361207758340E-16 9.145605039681736E-17 6.347623483621068E-17 -9.474789112122039E-17 -5.180649075684941E-16 8.423102055535350E-17 
-5.000000000000000E-01 7.644222728798686E-16 -9.231235002330532E-16 3.310045537663031E-16 1.545084971874737E+00 -0.000000000000000E+00 -3.901574957079014E-16 -4.045084971874737E+00 7.339115228265142E-16 3.000000000000000E+00 -2.420118702299617E-16 -4.777085008575283E-16 -4.799391538234778E-16 7.076514568355411E-17 -7.205885375404389E-16 9.892739970534618E-16 5.839801275826370E-16 3.730146263060619E-16 -3.893346693369053E-16 -6.905656573349375E-17 
-7.090169943749478E-01 3.822111364399343E-16 -5.893691416384251E-16 4.413394050217375E-16 1.618033988749896E+00 8.720297211601246E-16 -5.852362435618521E-16 -1.309016994374948E+00 -5.645473252511648E-17 6.000000000000001E-01 -1.999999999999999E+00 4.360869470252234E-16 -1.933024315277124E-16 2.700000000000001E+00 -5.569960884697218E-16 -6.180339887498948E-01 -1.909830056250530E-01 -1.598637979991785E-16 -1.909830056250527E-01 1.000000000000001E-01 
3.888888888888889E-01 -7.272316635416363E-01 -1.061016697916964E-01 5.555555555555577E-02 -1.061016697916950E-01 1.500000000000000E+00 -1.061016697916957E-01 -7.272316635416368E-01 -7.272316635416376E-01 6.666666666666662E-01 -7.272316635416366E-01 -1.500000000000001E+00 -0.000000000000000E+00 1.499999999999999E+00 1.500000000000000E+00 -7.272316635416375E-01 -1.061016697916960E-01 2.283768542845408E-17 -1.061016697916955E-01 5.555555555555553E-02 
-5.999999999999999E-01 1.309016994374948E+00 -1.618033988749894E+00 -6.620091075326062E-16 3.189133891277933E-16 -2.325412589760332E-15 1.618033988749897E+00 -5.208429371745208E-16 -1.309016994374949E+00 6.000000000000004E-01 6.180339887498946E-01 -2.700000000000002E+00 6.730086978004747E-16 -1.753177207223825E-15 2.700000000000001E+00 -6.180339887498955E-01 1.909830056250530E-01 1.827014834276326E-16 -1.909830056250528E-01 -1.779149476493875E-16 
3.333333333333336E-01 -0.000000000000000E+00 1.756134494305461E-16 -2.758371281385859E-17 -6.211299937499415E-01 -7.266914343001038E-16 -4.876968696348768E-17 6.211299937499418E-01 2.822736626255824E-16 -3.333333333333335E-01 -7.272316635416375E-01 -2.180434735126117E-16 8.613545486072378E-17 2.739339386287227E-17 -4.774252186883330E-16 7.272316635416375E-01 -1.061016697916959E-01 9.135074171381631E-17 1.061016697916961E-01 -2.068778461039389E-17 
-6.666666666666663E-01 7.272316635416360E-01 1.061016697916961E-01 -5.555555555555566E-02 7.272316635416359E-01 -1.499999999999999E+00 1.061016697916957E-01 1.061016697916959E-01 7.272316635416378E-01 -3.888888888888888E-01 7.272316635416366E-01 -1.500000000000000E+00 -9.665121576385620E-17 -1.500000000000000E+00 1.500000000000001E+00 7.272316635416374E-01 1.061016697916958E-01 -1.598637979991785E-16 1.061016697916957E-01 -5.555555555555549E-02 
-6.000000000000000E-01 -7.644222728798686E-16 -2.022234509478903E-17 -2.758371281385859E-16 1.309016994374946E+00 -0.000000000000000E+00 3.901574957079014E-16 -1.618033988749894E+00 0.000000000000000E+00 7.090169943749474E-01 6.180339887498943E-01 0.000000000000000E+00 7.732097261108496E-16 -2.700000000000002E+00 -3.182834791255553E-16 2.000000000000001E+00 1.909830056250528E-01 -1.370261125707245E-16 1.909830056250523E-01 -9.999999999999995E-02 
4.090169943749482E-01 -4.777639205499179E-16 -1.165734175856414E-15 -0.000000000000000E+00 -1.909830056250529E-01 -1.453382868600208E-16 -4.876968696348768E-17 -6.180339887498939E-01 1.114980967371050E-15 5.999999999999995E-01 -1.309016994374948E+00 -1.308260841075670E-15 -0.000000000000000E+00 2.700000000000002E+00 -7.957086978138883E-16 -1.309016994374946E+00 -2.000000000000000E+00 -7.308059337105305E-16 1.618033988749895E+00 9.999999999999952E-02 
-6.000000000000009E-01 6.180339887498950E-01 1.909830056250521E-01 -3.172126973593738E-16 4.506098546344865E-16 2.906765737200415E-16 -1.909830056250518E-01 7.812644057617812E-16 -6.180339887498949E-01 5.999999999999998E-01 1.309016994374948E+00 -2.700000000000002E+00 -2.183526886053061E-16 -4.382943018059563E-16 2.700000000000003E+00 -1.309016994374947E+00 -1.618033988749894E+00 -0.000000000000000E+00 1.618033988749895E+00 -4.634063752728232E-16 
-6.000000000000008E-01 5.255403126049096E-16 1.035520705109731E-15 -1.103348512554344E-16 6.180339887498940E-01 -8.720297211601246E-16 -3.779650739670295E-16 1.909830056250529E-01 5.927746915137230E-16 -4.090169943749473E-01 1.309016994374948E+00 -8.721738940504469E-16 3.866048630554248E-16 -2.700000000000000E+00 4.774252186883330E-16 1.309016994374947E+00 -1.618033988749895E+00 -3.654029668552653E-16 2.000000000000001E+00 -1.000000000000004E-01 
-4.999999999999997E-01 -6.647672015736707E-16 7.469616568778961E-16 -7.418915382792921E-16 -4.511311212534868E-16 8.720297211601230E-16 1.521167455109820E-15 -7.812644057617812E-16 -1.100867284239771E-15 5.000000000000002E-01 1.545084971874735E+00 -9.387662522697754E-16 1.394718547958303E-15 2.629765810835737E-15 -2.387126093441665E-15 -1.545084971874737E+00 -4.045084971874736E+00 -7.308059337105305E-16 4.045084971874738E+00 -9.268127505456465E-16 
% t collocation differentation matrix
-3.000000000000001E+00 4.814546667179297E-17 -1.364626025059864E-16 -1.644320882364636E-16 -3.061009757167763E-16 5.813531474400831E-16 -1.043522374968304E-15 2.604214685872604E-16 5.645473252511648E-16 -0.000000000000000E+00 4.045084971874738E+00 3.266789935095695E-16 -4.750345033099705E-16 8.765886036119125E-16 -3.509005521223590E-16 1.942808764210317E-16 -1.545084971874737E+00 1.592200925548866E-16 3.750485964586238E-16 4.999999999999992E-01 
-7.090169943749484E-01 -2.000000000000000E+00 -1.909830056250527E-01 9.999999999999989E-02 -1.381026722122017E-16 -1.744059442320249E-15 -2.434761196916086E-16 6.510536714681509E-16 3.027809346967586E-16 -2.686043117488156E-16 1.618033988749896E+00 2.700000000000001E+00 -1.909830056250522E-01 -7.670150281604235E-16 -7.324463645309013E-16 9.714043821051586E-17 -1.309016994374948E+00 -6.180339887498948E-01 7.500971929172477E-16 5.999999999999992E-01 
4.090169943749471E-01 -1.309016994374946E+00 -2.000000000000000E+00 9.999999999999927E-02 9.225737316206678E-16 -2.325412589760332E-15 -5.070558183699399E-16 2.604214685872604E-16 -1.198248681798008E-17 -8.953477058293854E-17 -1.909830056250518E-01 2.700000000000002E+00 1.618033988749896E+00 -1.534030056320847E-15 -1.336396249785208E-15 -9.714043821051586E-17 -6.180339887498952E-01 -1.309016994374948E+00 7.500971929172477E-16 5.999999999999992E-01 
-5.000000000000008E-01 1.545084971874735E+00 -4.045084971874735E+00 -1.544687917576081E-15 -2.182930235948747E-15 -7.266914343001038E-16 -1.168983226620385E-16 2.604214685872604E-16 -6.415093298474574E-16 2.686043117488156E-16 5.529524363679054E-16 -1.259963755528777E-15 4.045084971874739E+00 -2.191471509029781E-16 7.018011042447179E-16 -3.885617528420634E-16 2.109655012765751E-16 -1.545084971874737E+00 1.312670087605183E-15 4.999999999999992E-01 
-7.090169943749484E-01 -0.000000000000000E+00 1.379185640692930E-16 -1.379185640692929E-16 -2.000000000000000E+00 -1.744059442320249E-15 -1.950787478539507E-16 -1.909830056250531E-01 1.376084105299714E-16 1.000000000000003E-01 1.618033988749896E+00 -8.721738940504469E-16 -3.866048630554248E-16 2.700000000000001E+00 1.989271744534721E-16 -1.909830056250531E-01 -1.309016994374947E+00 8.221566754243469E-16 -6.180339887498940E-01 5.999999999999993E-01 
3.888888888888888E-01 -7.272316635416367E-01 -1.061016697916962E-01 5.555555555555558E-02 -7.272316635416359E-01 -1.500000000000002E+00 1.158280065382832E-16 -1.061016697916959E-01 -4.586947017665714E-17 5.555555555555559E-02 -1.061016697916951E-01 1.500000000000000E+00 -1.061016697916959E-01 1.499999999999999E+00 1.500000000000001E+00 -1.061016697916961E-01 -7.272316635416379E-01 -7.272316635416374E-01 -7.272316635416369E-01 6.666666666666661E-01 
-5.999999999999999E-01 1.309016994374946E+00 -1.618033988749893E+00 -1.058524979231823E-15 6.180339887498940E-01 -2.700000000000000E+00 -3.291953870035418E-16 1.909830056250523E-01 -1.195571979132890E-15 3.469472360088868E-16 3.757192567155154E-16 -4.360869470252234E-16 1.618033988749896E+00 -0.000000000000000E+00 2.700000000000004E+00 -1.909830056250534E-01 -1.265793007659451E-15 -1.309016994374947E+00 -6.180339887498943E-01 5.999999999999994E-01 
4.090169943749475E-01 -7.644222728798686E-16 -2.395171451914954E-16 1.655022768831516E-16 -1.309016994374948E+00 -2.906765737200415E-15 -3.901574957079014E-16 -2.000000000000000E+00 4.428168082438824E-16 9.999999999999960E-02 -1.909830056250523E-01 -1.090217367563059E-16 -9.665121576385620E-16 2.700000000000001E+00 9.548504373766660E-16 1.618033988749894E+00 -6.180339887498947E-01 9.135074171381631E-16 -1.309016994374947E+00 5.999999999999994E-01 
-6.000000000000000E-01 6.180339887498966E-01 1.909830056250523E-01 1.655022768831516E-16 1.309016994374947E+00 -2.700000000000000E+00 -6.827756174888275E-16 -1.618033988749894E+00 8.283851777894881E-16 -5.595923161433659E-16 5.698370695945765E-16 -2.616521682151341E-15 -1.909830056250531E-01 -1.314882905417869E-15 2.700000000000002E+00 1.618033988749895E+00 -2.109655012765751E-16 -6.180339887498943E-01 -1.309016994374947E+00 5.999999999999998E-01 
-5.000000000000010E-01 7.644222728798686E-16 7.676467313666868E-17 4.413394050217375E-16 1.545084971874737E+00 -8.350300415600539E-18 -1.560629982831606E-15 -4.045084971874738E+00 2.135545329341564E-15 -9.164124303277737E-16 5.420724839556897E-16 8.721738940504469E-16 -8.649089552369026E-16 -7.682245970618171E-16 3.182834791255553E-15 4.045084971874738E+00 -6.881671783573545E-16 -0.000000000000000E+00 -1.545084971874738E+00 4.999999999999998E-01 
-8.090169943749480E-01 -6.063356333396076E-17 5.704108122963988E-16 -1.325688093931620E-16 -7.972834728194834E-17 5.813531474400831E-16 4.486066570389207E-16 -1.302107342936302E-16 -1.286149364213004E-16 -1.173534173219714E-16 1.366031690702921E-15 1.823123597989258E-16 1.507724769380860E-16 -8.765886036119125E-16 2.377267029888563E-16 2.428510955262896E-16 1.118033988749894E+00 -1.154156251540936E-16 -3.750485964586238E-16 -3.090169943749470E-01 
3.333333333333336E-01 -7.272316635416368E-01 -1.061016697916958E-01 6.206335383118183E-17 1.166911016833284E-16 2.906765737200415E-16 1.416554812696121E-16 3.906322028808906E-16 3.102699889579962E-16 -2.126450801344790E-16 -6.211299937499418E-01 5.287941840374166E-16 1.061016697916958E-01 -5.478678772574453E-16 -3.192693854808655E-16 2.428510955262896E-16 6.211299937499416E-01 7.272316635416373E-01 -3.750485964586238E-16 -3.333333333333328E-01 
-5.999999999999999E-01 1.309016994374946E+00 -1.618033988749894E+00 -1.000000000000006E-01 -3.146425846574542E-16 1.744059442320249E-15 1.168983226620385E-16 -2.604214685872604E-16 1.621061832442563E-16 1.566858485201424E-16 6.180339887498939E-01 -2.700000000000000E+00 2.000000000000000E+00 6.574414527089344E-16 -6.365669582511106E-16 0.000000000000000E+00 1.909830056250535E-01 1.309016994374947E+00 -5.625728946879358E-16 -4.090169943749469E-01 
3.333333333333335E-01 -9.555278410998357E-17 2.765245793456672E-16 -1.655022768831516E-16 -7.272316635416373E-01 -0.000000000000000E+00 3.048105435217980E-16 -1.061016697916959E-01 2.139646897010243E-16 -8.857649590787741E-17 -6.211299937499417E-01 -1.090217367563059E-16 3.087413400997640E-16 3.287207263544672E-16 -5.768888059150690E-16 1.061016697916961E-01 6.211299937499418E-01 -1.827014834276326E-16 7.272316635416374E-01 -3.333333333333331E-01 
-6.666666666666660E-01 7.272316635416365E-01 1.061016697916964E-01 -5.555555555555575E-02 7.272316635416368E-01 -1.499999999999998E+00 6.644869848775196E-16 1.061016697916958E-01 -1.658357767925296E-16 -5.555555555555548E-02 7.272316635416360E-01 -1.499999999999999E+00 1.061016697916961E-01 -1.500000000000000E+00 1.500000000000001E+00 1.061016697916959E-01 1.061016697916964E-01 7.272316635416369E-01 7.272316635416369E-01 -3.888888888888885E-01 
-6.000000000000003E-01 -0.000000000000000E+00 -2.974343756475375E-16 -2.206697025108687E-16 1.309016994374946E+00 5.813531474400831E-16 -2.926181217809261E-16 -1.618033988749894E+00 1.464294624870209E-15 -1.000000000000009E-01 6.180339887498948E-01 0.000000000000000E+00 -0.000000000000000E+00 -2.700000000000001E+00 -7.957086978138883E-16 2.000000000000002E+00 1.909830056250530E-01 -5.481044502828979E-16 1.309016994374947E+00 -4.090169943749473E-01 
3.090169943749476E-01 -5.278200343471236E-17 -3.481460208360256E-16 1.769587361434728E-16 -1.466442811528796E-16 -5.813531474400831E-16 -3.317083343768821E-16 -1.302107342936302E-16 -3.279174502748246E-16 8.078084991453944E-17 -1.118033988749895E+00 6.695109621056992E-16 -2.625369926715088E-16 7.970054397341727E-16 1.398239268645706E-16 -2.740278173417695E-16 5.312765898424637E-16 1.093455872893130E-16 7.500971929172477E-16 8.090169943749467E-01 
-6.000000000000002E-01 6.180339887498947E-01 1.909830056250515E-01 -9.999999999999988E-02 1.573212923287271E-16 -8.720297211601246E-16 -3.514395982377751E-16 -5.208429371745208E-16 1.647591937472262E-17 1.231103095515405E-16 1.309016994374947E+00 -2.700000000000000E+00 1.909830056250517E-01 -0.000000000000000E+00 6.859855209239712E-16 -4.128468623946924E-16 -1.618033988749895E+00 2.000000000000002E+00 7.500971929172477E-16 7.090169943749467E-01 
-6.000000000000010E-01 5.733167046599014E-16 6.068845141701942E-17 -2.827330563420506E-16 6.180339887498949E-01 5.813531474400831E-16 1.950787478539507E-16 1.909830056250531E-01 6.262946889505109E-16 -1.000000000000000E-01 1.309016994374949E+00 -1.308260841075670E-15 1.933024315277124E-16 -2.700000000000000E+00 -7.758159803685411E-16 1.909830056250525E-01 -1.618033988749896E+00 3.654029668552653E-16 2.000000000000000E+00 7.090169943749470E-01 
-5.000000000000006E-01 -2.483703639015089E-16 -1.356548921472282E-15 9.896499027952846E-17 -2.982697049069580E-16 -2.325412589760332E-15 -1.073677743448388E-15 -1.302107342936302E-15 -5.927746915137230E-16 -0.000000000000000E+00 1.545084971874738E+00 8.360449508528802E-16 -5.853120162770057E-16 4.382943018059563E-15 -1.265246665659740E-16 -1.942808764210317E-16 -4.045084971874738E+00 -1.112269539994793E-15 0.000000000000000E+00 2.999999999999999E+00 
% reference mass matrix
6.613756613756614E-03 -6.504977471064424E-03 1.875347841434790E-03 1.763668430335103E-04 -6.504977471064421E-03 5.952380952380928E-03 1.322751322751322E-03 1.875347841434797E-03 1.322751322751328E-03 1.763668430335052E-04 -6.504977471064426E-03 5.952380952380935E-03 1.322751322751323E-03 5.952380952380944E-03 1.428571428571427E-02 1.322751322751329E-03 1.875347841434796E-03 1.322751322751329E-03 1.322751322751325E-03 1.763668430335065E-04 
-6.504977471064422E-03 2.645502645502647E-02 -6.613756613756610E-03 1.875347841434788E-03 1.290586853229649E-02 4.994705166675850E-17 -5.511463844797172E-03 -5.511463844797182E-03 -1.882940842702137E-03 1.322751322751326E-03 1.290586853229648E-02 1.533118173135551E-17 -5.511463844797174E-03 -2.273607209822046E-03 -1.558353564732077E-02 -5.312367714637585E-18 -5.511463844797176E-03 -1.882940842702133E-03 -3.662583949791247E-18 1.322751322751324E-03 
1.875347841434794E-03 -6.613756613756604E-03 2.645502645502646E-02 -6.504977471064416E-03 -5.511463844797183E-03 1.358967878030875E-19 1.290586853229648E-02 -1.882940842702127E-03 -5.511463844797179E-03 1.322751322751322E-03 -5.511463844797178E-03 0.000000000000000E+00 1.290586853229648E-02 -1.558353564732079E-02 -2.273607209822052E-03 5.312367714637585E-18 -1.882940842702130E-03 -5.511463844797178E-03 1.465033579916499E-18 1.322751322751321E-03 
1.763668430335090E-04 1.875347841434793E-03 -6.504977471064417E-03 6.613756613756614E-03 1.322751322751327E-03 5.952380952380956E-03 -6.504977471064423E-03 1.322751322751326E-03 1.875347841434792E-03 1.763668430335082E-04 1.322751322751325E-03 5.952380952380946E-03 -6.504977471064421E-03 1.428571428571428E-02 5.952380952380943E-03 1.322751322751325E-03 1.322751322751326E-03 1.875347841434794E-03 1.322751322751323E-03 1.763668430335087E-04 
-6.504977471064418E-03 1.290586853229649E-02 -5.511463844797180E-03 1.322751322751324E-03 2.645502645502645E-02 5.992330753134486E-17 -1.882940842702129E-03 -6.613756613756614E-03 -5.511463844797185E-03 1.875347841434793E-03 1.290586853229647E-02 -2.273607209822032E-03 1.537908156829932E-18 1.369669693143613E-17 -1.558353564732077E-02 -5.511463844797176E-03 -5.511463844797187E-03 -6.066260191933112E-18 -1.882940842702131E-03 1.322751322751325E-03 
5.952380952380928E-03 5.369723301815049E-17 -1.156482317317871E-17 5.952380952380957E-03 6.602534996015816E-17 1.285714285714286E-01 -5.967508792608589E-18 2.517746620130740E-17 1.201868329147987E-17 5.952380952380949E-03 -2.273607209822019E-03 6.428571428571427E-02 -2.273607209822038E-03 6.428571428571425E-02 6.428571428571425E-02 -2.273607209822044E-03 -1.558353564732082E-02 -1.558353564732080E-02 -1.558353564732079E-02 1.428571428571427E-02 
1.322751322751321E-03 -5.511463844797185E-03 1.290586853229649E-02 -6.504977471064421E-03 -1.882940842702134E-03 -5.262244864644261E-18 2.645502645502648E-02 -5.511463844797180E-03 -6.613756613756620E-03 1.875347841434794E-03 -4.971551041992147E-18 -2.273607209822053E-03 1.290586853229649E-02 -1.558353564732081E-02 1.864942260501301E-17 -5.511463844797184E-03 1.648167978723244E-18 -5.511463844797170E-03 -1.882940842702122E-03 1.322751322751319E-03 
1.875347841434797E-03 -5.511463844797182E-03 -1.882940842702122E-03 1.322751322751324E-03 -6.613756613756612E-03 4.003331256363915E-17 -5.511463844797174E-03 2.645502645502645E-02 1.290586853229647E-02 -6.504977471064404E-03 -5.511463844797173E-03 -1.558353564732075E-02 8.959141762419351E-18 3.124558987483868E-17 -2.273607209822020E-03 1.290586853229646E-02 -1.882940842702130E-03 -9.991487374948656E-18 -5.511463844797179E-03 1.322751322751329E-03 
1.322751322751326E-03 -1.882940842702139E-03 -5.511463844797178E-03 1.875347841434790E-03 -5.511463844797185E-03 1.035596108907118E-17 -6.613756613756613E-03 1.290586853229647E-02 2.645502645502647E-02 -6.504977471064415E-03 -5.848883578814290E-18 -1.558353564732080E-02 -5.511463844797178E-03 -2.273607209822042E-03 1.243294840334201E-17 1.290586853229647E-02 5.356545930850542E-18 -1.882940842702122E-03 -5.511463844797172E-03 1.322751322751321E-03 
1.763668430335068E-04 1.322751322751327E-03 1.322751322751320E-03 1.763668430335090E-04 1.875347841434793E-03 5.952380952380950E-03 1.875347841434793E-03 -6.504977471064407E-03 -6.504977471064415E-03 6.613756613756613E-03 1.322751322751326E-03 1.428571428571427E-02 1.322751322751325E-03 5.952380952380942E-03 5.952380952380940E-03 -6.504977471064407E-03 1.322751322751318E-03 1.322751322751318E-03 1.875347841434783E-03 1.763668430335111E-04 
-6.504977471064422E-03 1.290586853229648E-02 -5.511463844797172E-03 1.322751322751322E-03 1.290586853229646E-02 -2.273607209822011E-03 -3.810131794022475E-19 -5.511463844797176E-03 -9.344801916999261E-18 1.322751322751327E-03 2.645502645502644E-02 2.525864935171087E-17 -1.882940842702129E-03 2.054504539715420E-17 -1.558353564732077E-02 -1.882940842702131E-03 -6.613756613756619E-03 -5.511463844797186E-03 -5.511463844797179E-03 1.875347841434791E-03 
5.952380952380935E-03 9.188756351892553E-18 -4.625929269271485E-18 5.952380952380949E-03 -2.273607209822026E-03 6.428571428571427E-02 -2.273607209822049E-03 -1.558353564732076E-02 -1.558353564732080E-02 1.428571428571427E-02 9.358213726102865E-18 1.285714285714286E-01 1.812210295572304E-17 6.428571428571429E-02 6.428571428571429E-02 -1.558353564732078E-02 3.059505677938788E-18 2.497871843737164E-17 -2.273607209822058E-03 5.952380952380946E-03 
1.322751322751329E-03 -5.511463844797174E-03 1.290586853229648E-02 -6.504977471064421E-03 1.031646093127471E-18 -2.273607209822036E-03 1.290586853229649E-02 8.646806574186381E-18 -5.511463844797177E-03 1.322751322751324E-03 -1.882940842702134E-03 1.084703641498215E-17 2.645502645502647E-02 -1.558353564732080E-02 2.844036947264484E-17 -1.882940842702122E-03 -5.511463844797196E-03 -6.613756613756628E-03 -5.511463844797186E-03 1.875347841434795E-03 
5.952380952380935E-03 -2.273607209822032E-03 -1.558353564732081E-02 1.428571428571428E-02 3.301267498007908E-17 6.428571428571427E-02 -1.558353564732082E-02 3.051814085006957E-17 -2.273607209822042E-03 5.952380952380941E-03 1.871642745220573E-17 6.428571428571428E-02 -1.558353564732079E-02 1.285714285714286E-01 6.428571428571428E-02 1.887787812880142E-17 -1.071309186170108E-17 -2.273607209822049E-03 0.000000000000000E+00 5.952380952380947E-03 
1.428571428571427E-02 -1.558353564732077E-02 -2.273607209822049E-03 5.952380952380946E-03 -1.558353564732076E-02 6.428571428571428E-02 1.162090197176855E-17 -2.273607209822018E-03 1.918578800658255E-17 5.952380952380938E-03 -1.558353564732078E-02 6.428571428571427E-02 3.624420591144607E-17 6.428571428571427E-02 1.285714285714286E-01 3.348688934405478E-17 -2.273607209822082E-03 -2.770541927198410E-17 -1.758040295899799E-17 5.952380952380958E-03 
1.322751322751329E-03 4.763913531990309E-19 1.040834085586084E-17 1.322751322751323E-03 -5.511463844797180E-03 -2.273607209822045E-03 -5.511463844797176E-03 1.290586853229646E-02 1.290586853229647E-02 -6.504977471064410E-03 -1.882940842702132E-03 -1.558353564732078E-02 -1.882940842702127E-03 1.845811804390222E-17 3.232566584868922E-17 2.645502645502644E-02 -5.511463844797172E-03 -5.511463844797167E-03 -6.613756613756596E-03 1.875347841434788E-03 
1.875347841434797E-03 -5.511463844797186E-03 -1.882940842702137E-03 1.322751322751328E-03 -5.511463844797181E-03 -1.558353564732083E-02 -4.762664742528094E-18 -1.882940842702124E-03 7.883815186612945E-18 1.322751322751319E-03 -6.613756613756619E-03 8.541087180941078E-18 -5.511463844797199E-03 -3.424174232859033E-18 -2.273607209822082E-03 -5.511463844797174E-03 2.645502645502650E-02 1.290586853229651E-02 1.290586853229649E-02 -6.504977471064421E-03 
1.322751322751329E-03 -1.882940842702129E-03 -5.511463844797179E-03 1.875347841434793E-03 1.179024106431396E-18 -1.558353564732081E-02 -5.511463844797178E-03 -7.629535212517394E-18 -1.882940842702128E-03 1.322751322751316E-03 -5.511463844797186E-03 1.893146619239014E-17 -6.613756613756625E-03 -2.273607209822046E-03 -2.175765970584851E-17 -5.511463844797164E-03 1.290586853229650E-02 2.645502645502646E-02 1.290586853229647E-02 -6.504977471064418E-03 
1.322751322751325E-03 -1.032385204319874E-17 -1.734723475976807E-18 1.322751322751323E-03 -1.882940842702133E-03 -1.558353564732080E-02 -1.882940842702126E-03 -5.511463844797173E-03 -5.511463844797172E-03 1.875347841434784E-03 -5.511463844797180E-03 -2.273607209822052E-03 -5.511463844797184E-03 4.213234280583189E-18 -1.429789066384331E-17 -6.613756613756600E-03 1.290586853229649E-02 1.290586853229648E-02 2.645502645502644E-02 -6.504977471064415E-03 
1.763668430335068E-04 1.322751322751325E-03 1.322751322751321E-03 1.763668430335096E-04 1.322751322751324E-03 1.428571428571428E-02 1.322751322751320E-03 1.322751322751328E-03 1.322751322751323E-03 1.763668430335114E-04 1.875347841434791E-03 5.952380952380948E-03 1.875347841434794E-03 5.952380952380948E-03 5.952380952380957E-03 1.875347841434787E-03 -6.504977471064420E-03 -6.504977471064414E-03 -6.504977471064413E-03 6.613756613756609E-03 
% faceNodes
0 1 2 3 4 5 6 7 8 9 
0 1 2 3 10 11 12 16 17 19 
3 6 8 9 12 14 15 17 18 19 
0 4 7 9 10 13 15 16 18 19 
% LIFT matrix
5.999999999999995E+00 4.045084971874732E+00 -1.545084971874733E+00 4.999999999999989E-01 4.045084971874730E+00 9.440651636397524E-16 4.581838109015146E-15 -1.545084971874738E+00 -3.559642008604318E-15 4.999999999999998E-01 5.999999999999999E+00 4.045084971874743E+00 -1.545084971874731E+00 4.999999999999997E-01 4.045084971874735E+00 8.635084731972045E-15 4.955630583550259E-15 -1.545084971874738E+00 -9.714902672782148E-15 5.000000000000004E-01 -4.999999999999999E-01 -2.499999999999996E+00 -2.499999999999994E+00 -5.000000000000014E-01 -2.500000000000000E+00 -1.349999999999998E+01 -2.499999999999996E+00 -2.500000000000005E+00 -2.500000000000001E+00 -4.999999999999981E-01 6.000000000000000E+00 4.045084971874750E+00 -1.545084971874741E+00 4.999999999999993E-01 4.045084971874739E+00 2.695494911942522E-15 6.322101163585731E-16 -1.545084971874739E+00 -4.868618515141422E-15 5.000000000000003E-01 
3.236067977499784E-01 7.999999999999992E+00 9.999999999999971E-01 -1.236067977499788E-01 1.618033988749890E+00 2.699999999999994E+00 -1.909830056250526E-01 -1.309016994374945E+00 -6.180339887498927E-01 5.999999999999995E-01 3.236067977499789E-01 8.000000000000002E+00 1.000000000000002E+00 -1.236067977499796E-01 1.618033988749894E+00 2.699999999999998E+00 -1.909830056250507E-01 -1.309016994374947E+00 -6.180339887498958E-01 5.999999999999998E-01 -4.642956348249505E-01 2.309016994374947E+00 -3.819660112501042E-01 -1.381966011250104E-01 2.309016994374946E+00 1.953738353924935E+00 -1.894427190999916E+00 -3.819660112501050E-01 -1.894427190999916E+00 -1.381966011250098E-01 5.642956348249523E-01 -2.618033988749899E+00 1.190983005625053E+00 -3.618033988749896E-01 -2.618033988749896E+00 7.462616460750524E-01 -1.055728090000828E-01 1.190983005625050E+00 -1.055728090000851E-01 -3.618033988749887E-01 
