% degree N
6
% number of nodes
28
% node coordinates
-1.000000000000000E+00 -1.000000000000000E+00
-8.302238962785673E-01 -1.000000000000000E+00
-4.688487934707143E-01 -1.000000000000000E+00
0.000000000000000E+00 -1.000000000000000E+00
4.688487934707143E-01 -1.000000000000000E+00
8.302238962785669E-01 -1.000000000000000E+00
1.000000000000000E+00 -1.000000000000000E+00
-1.000000000000000E+00 -8.302238962785667E-01
-7.695164961934418E-01 -7.695164961934415E-01
-3.647692565366892E-01 -7.440953960343212E-01
1.088646525710104E-01 -7.440953960343213E-01
5.390329923868828E-01 -7.695164961934415E-01
8.302238962785673E-01 -8.302238962785673E-01
-1.000000000000000E+00 -4.688487934707143E-01
-7.440953960343215E-01 -3.647692565366893E-01
-3.333333333333334E-01 -3.333333333333334E-01
1.088646525710105E-01 -3.647692565366892E-01
4.688487934707138E-01 -4.688487934707141E-01
-1.000000000000000E+00 0.000000000000000E+00
-7.440953960343213E-01 1.088646525710104E-01
-3.647692565366892E-01 1.088646525710105E-01
0.000000000000000E+00 0.000000000000000E+00
-1.000000000000000E+00 4.688487934707141E-01
-7.695164961934413E-01 5.390329923868827E-01
-4.688487934707144E-01 4.688487934707143E-01
-9.999999999999999E-01 8.302238962785673E-01
-8.302238962785667E-01 8.302238962785670E-01
-1.000000000000000E+00 1.000000000000000E+00
% r collocation differentation matrix
-1.050000000000001E+01 1.420157660291981E+01 -5.668985225545486E+00 3.199999999999980E+00 -2.049964813076729E+00 1.317373435702429E+00 -4.999999999999986E-01 -8.881784197001252E-16 2.442490654175344E-15 -2.192679915418178E-15 -7.921916784817197E-16 2.254576838766550E-15 -8.279590670310931E-16 -4.700101233504129E-16 1.172750995238828E-15 1.048451903862874E-16 -2.039294898545483E-15 7.296908168283576E-16 1.376730731619389E-15 -2.846885244076714E-15 1.196475720240225E-15 5.634489523583617E-16 1.033233897959244E-16 1.241989393642432E-15 -9.781119743329708E-16 -6.446896524984581E-16 3.141335448510194E-16 9.179802842898389E-17 
-2.442926014244299E+00 1.206399749423977E-14 3.455828214294279E+00 -1.598606688098365E+00 9.613397972887123E-01 -6.022471796357864E-01 2.266118703954460E-01 -1.110223024625157E-15 8.326672684688674E-16 1.134428634736506E-15 -5.884901478032545E-16 1.424002385739078E-16 -4.041182880303766E-16 2.628453592039911E-16 -1.801349784487104E-15 1.893355952900231E-15 -6.577862662120012E-16 1.202007849594421E-16 -2.687510646971211E-16 2.990830957912238E-16 7.297354628873995E-16 -5.392119814626752E-16 -1.150073168170716E-16 -8.559786377422478E-17 -1.764252820195338E-16 1.302379951036042E-16 5.882248701746816E-17 -6.499611193699530E-17 
6.252566655153446E-01 -2.215804283169973E+00 -1.343610644877684E-16 2.266698087085999E+00 -1.066441904006376E+00 6.163908355175800E-01 -2.260994009425744E-01 2.220446049250313E-16 1.110223024625157E-16 -5.331959849306714E-16 1.772938342165517E-16 -1.142261936616630E-17 3.242974457026786E-17 1.393355810756457E-16 2.294968428163690E-16 -1.185880308582311E-15 1.010410229150867E-15 -2.750952066934992E-16 4.727949674827604E-16 -1.514909832380447E-16 -5.752320365859885E-16 2.475144379847616E-16 1.232928240533696E-18 -3.428216085988476E-17 2.132166174591793E-16 -2.278134300673725E-17 -4.457733458601334E-17 2.328143327391450E-17 
-3.125000000000013E-01 9.075444712688221E-01 -2.006969240588751E+00 -2.653186343950341E-15 2.006969240588755E+00 -9.075444712688222E-01 3.125000000000002E-01 -4.022060802455546E-16 2.220446049250313E-16 1.954569955441047E-16 7.393599229904109E-17 4.314886204236049E-16 -3.967317028205769E-16 -3.781334437930721E-16 1.774722980851764E-16 4.142754938728344E-16 -5.477709420507212E-16 6.525980796405579E-17 1.329594313004197E-16 -5.265729611211912E-16 2.089714756081676E-16 2.082885341524305E-16 1.336488899760561E-16 3.068651916604662E-18 -9.384357445327365E-17 -3.207473607688515E-17 2.472060431712926E-17 1.247848407706487E-18 
2.260994009425752E-01 -6.163908355175798E-01 1.066441904006374E+00 -2.266698087085996E+00 -3.884102006732404E-15 2.215804283169973E+00 -6.252566655153422E-01 0.000000000000000E+00 2.220446049250313E-16 -3.460356878315659E-16 7.153537523587259E-17 3.832221901838739E-17 -1.014714767504762E-16 2.503420696715949E-16 -9.940703571050409E-17 1.931527447110096E-16 -2.544938275939142E-16 9.738229137109778E-17 -1.324320599175921E-16 3.205172262261181E-16 7.732241668740524E-16 -8.175625375613572E-16 -3.950039814415835E-16 3.005702813703790E-16 -1.838966958610970E-16 1.005978148216213E-17 5.209918563710663E-17 -2.502117576141051E-17 
-2.266118703954464E-01 6.022471796357867E-01 -9.613397972887117E-01 1.598606688098366E+00 -3.455828214294287E+00 7.105427357601002E-15 2.442926014244285E+00 4.440892098500626E-16 -3.681919014553046E-16 -9.230441917557227E-17 -2.149823886985766E-16 -3.196639079623075E-17 7.476617047078083E-17 4.440433612821329E-16 7.968533487094860E-17 -1.404877650682180E-15 5.077407718212669E-16 3.261543403074345E-16 3.712874920185815E-16 -8.967413278266906E-17 -4.159749489884102E-16 3.880523241589224E-16 -9.766987325919016E-18 1.428764968905797E-16 -8.371736848354649E-17 -1.235916385273395E-16 9.024447463852680E-17 8.465691450891495E-18 
5.000000000000002E-01 -1.317373435702434E+00 2.049964813076735E+00 -3.199999999999991E+00 5.668985225545508E+00 -1.420157660291981E+01 1.049999999999999E+01 -4.440892098500626E-16 1.776356839400250E-15 -2.908205073148111E-15 4.183770793709278E-15 -5.232757670375769E-15 2.726942545756907E-15 -1.103765481555318E-15 -2.930128046619655E-16 -2.237591504998089E-16 2.179550161023395E-15 1.206774573427645E-16 -2.541372084476099E-15 1.727940782349779E-15 -1.149675651331237E-15 1.261957584306314E-15 1.150329786104999E-15 -1.085542736692106E-15 1.525491429822227E-17 3.151195654843539E-16 -2.181126897604938E-16 -1.256412070958531E-17 
-1.655262361973606E+00 4.384712827957401E+00 -3.690760330301410E+00 3.117477922832150E+00 -2.589139777647820E+00 1.985656364247195E+00 -8.439773500154493E-01 -7.125074416831681E+00 1.033663482987605E+01 -4.496281557246644E+00 2.344788531765869E+00 -1.167291801379799E+00 3.442497157087381E-01 -8.262240580904103E-01 -9.459224280501490E-01 4.951104840739164E-01 -2.755995418767818E-01 1.307651838517995E-01 5.719017095285404E-01 2.682264060356786E-01 -9.869462071486598E-02 1.942963420565655E-02 -4.010453740426711E-01 -1.001590615422856E-01 2.857613168759596E-02 2.752184182584919E-01 2.041089894500932E-02 -1.077263792605193E-01 
5.517000562263972E-01 -9.201040534747418E-01 1.176961681655652E+00 -1.098244520847073E+00 9.850637427480633E-01 -8.000787078144385E-01 3.547796641416823E-01 -1.554401666328817E+00 -5.151499637263659E-01 3.209748551194648E+00 -1.432336019241392E+00 6.956394087831183E-01 -2.074823808480145E-01 -3.692128423999689E-01 -1.922050612666489E-01 -1.206297624012167E-01 9.935195321042956E-02 -6.178154481498808E-02 1.896527659734798E-01 1.352424016079703E-01 8.965120381051253E-04 9.133602269949040E-04 -1.456346499093812E-01 -6.856554389690839E-02 4.395998819367516E-04 1.094119850117926E-01 2.371327225942746E-02 -4.768823798974196E-02 
-3.209579837677063E-01 6.517741597973215E-01 -7.185764488489381E-01 7.710995593958198E-01 -7.232594971905479E-01 6.144893723368152E-01 -2.839982992665914E-01 4.198521513797139E-01 -1.800934241108812E+00 -1.004212072760152E-01 2.108995815462389E+00 -8.271414419112162E-01 2.349085738334099E-01 9.368937913564779E-02 -1.564382006974678E-01 8.832124526321539E-03 -7.222323268610531E-02 5.972805372760351E-02 -8.063985275377890E-03 6.510697498621423E-02 2.630175257413538E-02 -1.023528932041926E-02 -9.989363497565767E-03 -4.724571213519808E-02 1.414795222066469E-03 2.018650040444082E-02 1.455836312895462E-02 -1.145267292889282E-02 
2.839982992665918E-01 -6.144893723368149E-01 7.232594971905464E-01 -7.710995593958204E-01 7.185764488489393E-01 -6.517741597973210E-01 3.209579837677055E-01 -2.349085738334109E-01 8.271414419112161E-01 -2.108995815462387E+00 1.004212072760124E-01 1.800934241108812E+00 -4.198521513797119E-01 -5.972805372760336E-02 7.222323268610564E-02 -8.832124526320203E-03 1.564382006974673E-01 -9.368937913564819E-02 1.023528932041881E-02 -2.630175257413770E-02 -6.510697498621365E-02 8.063985275378216E-03 -1.414795222065897E-03 4.724571213519901E-02 9.989363497565636E-03 -1.455836312895507E-02 -2.018650040444141E-02 1.145267292889336E-02 
-3.547796641416836E-01 8.000787078144382E-01 -9.850637427480612E-01 1.098244520847073E+00 -1.176961681655652E+00 9.201040534747413E-01 -5.517000562263973E-01 2.074823808480148E-01 -6.956394087831198E-01 1.432336019241393E+00 -3.209748551194653E+00 5.151499637263807E-01 1.554401666328808E+00 6.178154481498829E-02 -9.935195321043044E-02 1.206297624012163E-01 1.922050612666480E-01 3.692128423999694E-01 -9.133602269948624E-04 -8.965120381040767E-04 -1.352424016079688E-01 -1.896527659734804E-01 -4.395998819371333E-04 6.856554389690706E-02 1.456346499093814E-01 -2.371327225942686E-02 -1.094119850117915E-01 4.768823798974098E-02 
8.439773500154562E-01 -1.985656364247204E+00 2.589139777647826E+00 -3.117477922832161E+00 3.690760330301431E+00 -4.384712827957429E+00 1.655262361973606E+00 -3.442497157087412E-01 1.167291801379802E+00 -2.344788531765870E+00 4.496281557246653E+00 -1.033663482987603E+01 7.125074416831664E+00 -1.307651838517980E-01 2.755995418767814E-01 -4.951104840739163E-01 9.459224280501582E-01 8.262240580904112E-01 -1.942963420566035E-02 9.869462071487155E-02 -2.682264060356889E-01 -5.719017095285385E-01 -2.857613168759443E-02 1.001590615422820E-01 4.010453740426763E-01 -2.041089894501048E-02 -2.752184182584956E-01 1.077263792605225E-01 
8.879307931334849E-01 -1.027593665809475E+00 -4.828334851803264E-01 1.685936367970126E+00 -2.452781655413906E+00 2.610816436610339E+00 -1.345023169351651E+00 -2.239206757119447E+00 6.769317312562301E+00 -6.396936411823849E+00 5.188391659139164E+00 -3.456170951798924E+00 1.242432810805069E+00 -6.506027930532853E+00 8.624435201174302E+00 -3.257663464174974E+00 1.143304170242401E+00 -7.077242720410865E-02 -6.021964153822119E-01 -1.042191731137137E+00 5.537569672403838E-01 -2.517828114618666E-01 4.818005955586862E-01 2.414733892043799E-01 -3.922367444908291E-02 -3.238166427460536E-01 -7.325463390613754E-02 1.378801238513618E-01 
-4.126642867882281E-01 4.977110615947813E-01 -1.791233795562387E-01 -3.038599626285093E-01 6.967322107608582E-01 -8.866398882547015E-01 5.032126083107510E-01 8.314554907379839E-01 -1.638012969082959E+00 2.272433646674202E+00 -2.076178220791597E+00 1.520177827961116E+00 -5.887202673933687E-01 -1.249386781447324E+00 -5.856917240018451E-01 2.840099123499075E+00 -9.736740982471909E-01 1.502988750901075E-01 -4.515473135540335E-01 -8.630623039430693E-02 -2.121587694560601E-01 1.391245285700363E-01 2.067986037993621E-01 1.156755598906558E-01 -1.538938367571910E-02 -1.517572906920541E-01 -2.257939151133501E-02 5.997042058654081E-02 
3.664137459237408E-01 -5.662495266051546E-01 3.386526654366480E-01 -1.422473250300982E-16 -3.386526654366482E-01 5.662495266051534E-01 -3.664137459237407E-01 -5.487742413505640E-01 1.303114435099507E+00 -1.645192518637622E+00 1.645192518637622E+00 -1.303114435099505E+00 5.487742413505626E-01 3.170898270777222E-01 -1.835627635179341E+00 3.053113317719180E-15 1.835627635179337E+00 -3.170898270777204E-01 1.489387502073239E-01 -1.904351165417198E-01 1.904351165417189E-01 -1.489387502073245E-01 -2.156283835892613E-02 2.220446049250313E-16 2.156283835892718E-02 1.747528525458991E-02 -1.747528525459074E-02 4.718447854656915E-16 
-5.032126083107519E-01 8.866398882547029E-01 -6.967322107608571E-01 3.038599626285091E-01 1.791233795562381E-01 -4.977110615947800E-01 4.126642867882264E-01 5.887202673933710E-01 -1.520177827961118E+00 2.076178220791595E+00 -2.272433646674201E+00 1.638012969082957E+00 -8.314554907379812E-01 -1.502988750901092E-01 9.736740982471948E-01 -2.840099123499081E+00 5.856917240018493E-01 1.249386781447320E+00 -1.391245285700349E-01 2.121587694560609E-01 8.630623039430724E-02 4.515473135540340E-01 1.538938367571796E-02 -1.156755598906563E-01 -2.067986037993631E-01 2.257939151133653E-02 1.517572906920542E-01 -5.997042058654115E-02 
1.345023169351653E+00 -2.610816436610341E+00 2.452781655413907E+00 -1.685936367970127E+00 4.828334851803238E-01 1.027593665809474E+00 -8.879307931334894E-01 -1.242432810805075E+00 3.456170951798925E+00 -5.188391659139161E+00 6.396936411823848E+00 -6.769317312562294E+00 2.239206757119439E+00 7.077242720411470E-02 -1.143304170242405E+00 3.257663464174981E+00 -8.624435201174297E+00 6.506027930532851E+00 2.517828114618661E-01 -5.537569672403891E-01 1.042191731137136E+00 6.021964153822132E-01 3.922367444908303E-02 -2.414733892043781E-01 -4.818005955586845E-01 7.325463390613701E-02 3.238166427460502E-01 -1.378801238513600E-01 
-4.479014360637965E-01 8.302583013530578E-02 4.965325549547202E-01 -1.406193332921873E-02 -1.162890865095709E+00 2.281949355188877E+00 -1.571924772245807E+00 1.303958192350689E+00 -1.115917887192771E+00 -2.036073753681072E+00 4.398843139842473E+00 -4.745245254807419E+00 2.281949355188871E+00 -2.375448407172257E+00 7.645246843682704E+00 -6.876792247865396E+00 4.398843139842464E+00 -1.162890865095707E+00 -6.332485761641192E+00 7.645246843682705E+00 -2.036073753681075E+00 -1.406193332921790E-02 -3.684791665835023E-01 -1.115917887192761E+00 4.965325549547202E-01 3.964137210818632E-01 8.302583013530374E-02 -1.354014360637956E-01 
3.439687198531318E-01 -2.574879653447458E-01 -7.511743740332255E-02 1.493598178904563E-01 1.488840798680419E-01 -6.032786305223246E-01 5.146652812396445E-01 -7.662466630288712E-01 9.428170018018732E-01 -1.399355367699539E-01 -9.999758508213317E-01 1.567423540096315E+00 -9.068263886591419E-01 9.300581009899109E-01 -2.195302045856695E+00 2.831266998972757E+00 -2.141285195777807E+00 7.067215742584226E-01 -1.222646872949855E+00 -4.852705167258370E-01 2.428871847371670E+00 -2.957959773531300E-01 -5.308103325983817E-01 1.629212720258522E-01 -2.728127586918873E-01 1.796813309406640E-01 7.785891021506831E-02 -9.170630302052196E-02 
-5.146652812396443E-01 6.032786305223256E-01 -1.488840798680414E-01 -1.493598178904565E-01 7.511743740332208E-02 2.574879653447457E-01 -3.439687198531321E-01 9.068263886591453E-01 -1.567423540096317E+00 9.999758508213284E-01 1.399355367699577E-01 -9.428170018018731E-01 7.662466630288690E-01 -7.067215742584251E-01 2.141285195777811E+00 -2.831266998972756E+00 2.195302045856693E+00 -9.300581009899112E-01 2.957959773531300E-01 -2.428871847371668E+00 4.852705167258349E-01 1.222646872949856E+00 2.728127586918867E-01 -1.629212720258537E-01 5.308103325983822E-01 -7.785891021506774E-02 -1.796813309406630E-01 9.170630302052166E-02 
1.571924772245809E+00 -2.281949355188880E+00 1.162890865095708E+00 1.406193332921751E-02 -4.965325549547197E-01 -8.302583013530462E-02 4.479014360637956E-01 -2.281949355188883E+00 4.745245254807426E+00 -4.398843139842467E+00 2.036073753681068E+00 1.115917887192768E+00 -1.303958192350684E+00 1.162890865095714E+00 -4.398843139842472E+00 6.876792247865401E+00 -7.645246843682697E+00 2.375448407172254E+00 1.406193332921213E-02 2.036073753681069E+00 -7.645246843682701E+00 6.332485761641188E+00 -4.965325549547179E-01 1.115917887192769E+00 3.684791665835041E-01 -8.302583013531006E-02 -3.964137210818634E-01 1.354014360637979E-01 
3.639795247939341E-01 -7.325463390613710E-02 -3.922367444908470E-02 -2.517828114618661E-01 -7.077242720410970E-02 1.242432810805073E+00 -1.345023169351652E+00 -9.402074782636324E-01 2.414733892043798E-01 5.537569672403915E-01 1.143304170242408E+00 -3.456170951798930E+00 2.610816436610337E+00 1.548242499565061E+00 -1.042191731137134E+00 -3.257663464174985E+00 5.188391659139159E+00 -2.452781655413905E+00 -2.868894502468216E+00 8.624435201174297E+00 -6.396936411823845E+00 1.685936367970127E+00 -6.506027930532847E+00 6.769317312562299E+00 -4.828334851803281E-01 -2.340247394947448E-02 -1.027593665809468E+00 2.626741276181468E-01 
-4.024679021314240E-01 2.311956531074428E-01 6.222114469692563E-02 3.330669073875470E-16 -6.222114469692630E-02 -2.311956531074417E-01 4.024679021314240E-01 9.094906928262312E-01 -7.642049526800276E-01 -9.845544117232920E-02 9.845544117232707E-02 7.642049526800251E-01 -9.094906928262271E-01 -1.130698392657445E+00 1.567578420849360E+00 1.332267629550188E-15 -1.567578420849358E+00 1.130698392657441E+00 1.287897286820557E+00 -3.401953612461297E+00 3.401953612461294E+00 -1.287897286820553E+00 -1.546174524055624E+00 -1.304512053934559E-15 1.546174524055623E+00 -6.342976128540690E-01 6.342976128540693E-01 2.220446049250313E-16 
1.345023169351651E+00 -1.242432810805075E+00 7.077242720411192E-02 2.517828114618641E-01 3.922367444908548E-02 7.325463390613840E-02 -3.639795247939370E-01 -2.610816436610346E+00 3.456170951798930E+00 -1.143304170242399E+00 -5.537569672403881E-01 -2.414733892043808E-01 9.402074782636305E-01 2.452781655413913E+00 -5.188391659139160E+00 3.257663464174974E+00 1.042191731137142E+00 -1.548242499565059E+00 -1.685936367970132E+00 6.396936411823843E+00 -8.624435201174284E+00 2.868894502468207E+00 4.828334851803318E-01 -6.769317312562309E+00 6.506027930532855E+00 1.027593665809471E+00 2.340247394947048E-02 -2.626741276181459E-01 
-3.343382496559708E-01 2.041089894501161E-02 2.857613168759640E-02 1.942963420565436E-02 1.307651838517973E-01 3.442497157087414E-01 -8.439773500154533E-01 8.774655978942849E-01 -1.001590615422850E-01 -9.869462071486690E-02 -2.755995418767765E-01 -1.167291801379801E+00 1.985656364247199E+00 -1.362385171331394E+00 2.682264060356919E-01 4.951104840739161E-01 2.344788531765863E+00 -2.589139777647826E+00 2.170508397626913E+00 -9.459224280501715E-01 -4.496281557246641E+00 3.117477922832163E+00 -4.282052272384695E+00 1.033663482987604E+01 -3.690760330301438E+00 -7.125074416831679E+00 4.384712827957433E+00 7.876636522706897E-01 
8.439773500154568E-01 -3.442497157087471E-01 -1.307651838517981E-01 -1.942963420565524E-02 -2.857613168759836E-02 -2.041089894500886E-02 3.343382496559668E-01 -1.985656364247210E+00 1.167291801379812E+00 2.755995418767788E-01 9.869462071486790E-02 1.001590615422823E-01 -8.774655978942776E-01 2.589139777647838E+00 -2.344788531765880E+00 -4.951104840739142E-01 -2.682264060356823E-01 1.362385171331383E+00 -3.117477922832172E+00 4.496281557246665E+00 9.459224280501481E-01 -2.170508397626903E+00 3.690760330301423E+00 -1.033663482987605E+01 4.282052272384704E+00 -4.384712827957410E+00 7.125074416831665E+00 -7.876636522706790E-01 
4.999999999999942E-01 1.343625851739179E-15 1.357377036527259E-16 -4.440892098500626E-16 -3.802803404995345E-15 3.672997143905777E-16 -5.000000000000027E-01 -1.317373435702423E+00 -3.789989205815237E-15 -1.776356839400250E-15 3.622254717585103E-15 -5.780827990336616E-16 1.317373435702439E+00 2.049964813076727E+00 1.174202334309497E-14 -2.838037908002346E-15 1.073978981207762E-15 -2.049964813076746E+00 -3.199999999999976E+00 -1.500921734878876E-14 -6.486819295665794E-15 3.200000000000002E+00 5.668985225545464E+00 5.707710211202481E-14 -5.668985225545525E+00 -1.420157660291980E+01 1.420157660291980E+01 1.021405182655144E-14 
% s collocation differentation matrix
-1.049999999999999E+01 2.426100121831144E-16 1.753582630615291E-15 -2.220446049250313E-15 -2.519374602849133E-15 1.948412167166007E-15 1.500026064279730E-15 1.420157660291982E+01 -3.590048471698071E-15 -5.273559366969494E-15 1.983488417460122E-15 -6.633677499760502E-16 -5.763468110008263E-15 -5.668985225545517E+00 2.981238237079799E-15 -4.187101690342754E-15 6.372434189398117E-15 5.574259848581553E-15 3.200000000000004E+00 3.516449117440390E-15 -7.054446395227829E-15 -7.530435913397819E-15 -2.049964813076744E+00 2.303570537756323E-15 6.328271240363392E-15 1.317373435702436E+00 -3.615675472706524E-15 -5.000000000000011E-01 
-1.655262361973604E+00 -7.125074416831671E+00 -8.262240580904103E-01 5.719017095285368E-01 -4.010453740426747E-01 2.752184182584951E-01 -1.077263792605195E-01 4.384712827957424E+00 1.033663482987604E+01 -9.459224280501582E-01 2.682264060356834E-01 -1.001590615422820E-01 2.041089894500463E-02 -3.690760330301431E+00 -4.496281557246641E+00 4.951104840739156E-01 -9.869462071486355E-02 2.857613168760001E-02 3.117477922832168E+00 2.344788531765859E+00 -2.755995418767813E-01 1.942963420565156E-02 -2.589139777647827E+00 -1.167291801379798E+00 1.307651838518038E-01 1.985656364247202E+00 3.442497157087356E-01 -8.439773500154530E-01 
8.879307931334950E-01 -2.239206757119450E+00 -6.506027930532849E+00 -6.021964153822152E-01 4.818005955586880E-01 -3.238166427460496E-01 1.378801238513606E-01 -1.027593665809480E+00 6.769317312562313E+00 8.624435201174302E+00 -1.042191731137143E+00 2.414733892043772E-01 -7.325463390613951E-02 -4.828334851803271E-01 -6.396936411823851E+00 -3.257663464174989E+00 5.537569672403918E-01 -3.922367444908048E-02 1.685936367970135E+00 5.188391659139167E+00 1.143304170242402E+00 -2.517828114618690E-01 -2.452781655413909E+00 -3.456170951798931E+00 -7.077242720410795E-02 2.610816436610344E+00 1.242432810805069E+00 -1.345023169351652E+00 
-4.479014360637990E-01 1.303958192350687E+00 -2.375448407172252E+00 -6.332485761641187E+00 -3.684791665835050E-01 3.964137210818638E-01 -1.354014360637934E-01 8.302583013530995E-02 -1.115917887192768E+00 7.645246843682696E+00 7.645246843682707E+00 -1.115917887192764E+00 8.302583013530296E-02 4.965325549547214E-01 -2.036073753681066E+00 -6.876792247865406E+00 -2.036073753681081E+00 4.965325549547221E-01 -1.406193332921601E-02 4.398843139842469E+00 4.398843139842474E+00 -1.406193332921918E-02 -1.162890865095711E+00 -4.745245254807416E+00 -1.162890865095711E+00 2.281949355188879E+00 2.281949355188871E+00 -1.571924772245809E+00 
3.639795247939379E-01 -9.402074782636290E-01 1.548242499565059E+00 -2.868894502468208E+00 -6.506027930532854E+00 -2.340247394947614E-02 2.626741276181492E-01 -7.325463390613507E-02 2.414733892043722E-01 -1.042191731137138E+00 8.624435201174286E+00 6.769317312562317E+00 -1.027593665809475E+00 -3.922367444908177E-02 5.537569672403970E-01 -3.257663464174976E+00 -6.396936411823858E+00 -4.828334851803264E-01 -2.517828114618665E-01 1.143304170242396E+00 5.188391659139167E+00 1.685936367970129E+00 -7.077242720411148E-02 -3.456170951798918E+00 -2.452781655413911E+00 1.242432810805073E+00 2.610816436610333E+00 -1.345023169351650E+00 
-3.343382496559710E-01 8.774655978942839E-01 -1.362385171331384E+00 2.170508397626904E+00 -4.282052272384698E+00 -7.125074416831667E+00 7.876636522706770E-01 2.041089894500847E-02 -1.001590615422865E-01 2.682264060356851E-01 -9.459224280501612E-01 1.033663482987604E+01 4.384712827957417E+00 2.857613168759890E-02 -9.869462071485824E-02 4.951104840739109E-01 -4.496281557246646E+00 -3.690760330301421E+00 1.942963420565502E-02 -2.755995418767861E-01 2.344788531765870E+00 3.117477922832163E+00 1.307651838518006E-01 -1.167291801379795E+00 -2.589139777647832E+00 3.442497157087432E-01 1.985656364247196E+00 -8.439773500154510E-01 
5.000000000000050E-01 -1.317373435702436E+00 2.049964813076742E+00 -3.199999999999998E+00 5.668985225545512E+00 -1.420157660291982E+01 -1.776356839400250E-14 -3.996802888650564E-15 0.000000000000000E+00 -5.526321664374671E-15 1.582596650006649E-15 -3.823405577479840E-15 1.420157660291982E+01 7.706296408819759E-15 8.798963962924190E-15 -4.245652814753993E-15 1.294321130318550E-15 -5.668985225545495E+00 -6.649459337771859E-15 -2.367287723958323E-15 2.547464565451281E-17 3.199999999999996E+00 4.547390731194952E-15 6.630371889862354E-15 -2.049964813076742E+00 5.669164771354441E-16 1.317373435702426E+00 -4.999999999999971E-01 
-2.442926014244283E+00 -1.258247225142785E-15 4.833436954400854E-16 1.665334536937735E-15 5.029448760781060E-16 8.244484997258808E-16 -2.440946123507413E-16 -9.269009084832876E-15 2.246004819265697E-15 -2.761679773755077E-15 -3.006596017841506E-15 -1.674875702565080E-15 2.724144103863537E-16 3.455828214294287E+00 1.100952327182266E-16 8.903897339181322E-16 2.853719704853986E-15 1.523048102951975E-16 -1.598606688098366E+00 4.272548037509765E-16 -9.039057760183724E-16 -4.577191118106450E-16 9.613397972887104E-01 1.431894090827817E-15 -4.273429255167539E-16 -6.022471796357864E-01 -2.218681718258747E-16 2.266118703954465E-01 
5.517000562263968E-01 -1.554401666328814E+00 -3.692128423999690E-01 1.896527659734806E-01 -1.456346499093803E-01 1.094119850117921E-01 -4.768823798974125E-02 -9.201040534747418E-01 -5.151499637263729E-01 -1.922050612666491E-01 1.352424016079677E-01 -6.856554389690739E-02 2.371327225942692E-02 1.176961681655654E+00 3.209748551194648E+00 -1.206297624012164E-01 8.965120381039339E-04 4.395998819370084E-04 -1.098244520847075E+00 -1.432336019241389E+00 9.935195321043019E-02 9.133602269951395E-04 9.850637427480610E-01 6.956394087831191E-01 -6.178154481498886E-02 -8.000787078144374E-01 -2.074823808480137E-01 3.547796641416823E-01 
-4.126642867882274E-01 8.314554907379847E-01 -1.249386781447320E+00 -4.515473135540345E-01 2.067986037993624E-01 -1.517572906920538E-01 5.997042058654083E-02 4.977110615947810E-01 -1.638012969082960E+00 -5.856917240018520E-01 -8.630623039430640E-02 1.156755598906545E-01 -2.257939151133516E-02 -1.791233795562397E-01 2.272433646674199E+00 2.840099123499080E+00 -2.121587694560580E-01 -1.538938367571901E-02 -3.038599626285073E-01 -2.076178220791593E+00 -9.736740982471951E-01 1.391245285700373E-01 6.967322107608565E-01 1.520177827961115E+00 1.502988750901079E-01 -8.866398882547015E-01 -5.887202673933679E-01 5.032126083107511E-01 
3.439687198531334E-01 -7.662466630288700E-01 9.300581009899099E-01 -1.222646872949856E+00 -5.308103325983815E-01 1.796813309406635E-01 -9.170630302052182E-02 -2.574879653447468E-01 9.428170018018736E-01 -2.195302045856697E+00 -4.852705167258353E-01 1.629212720258519E-01 7.785891021506847E-02 -7.511743740332200E-02 -1.399355367699568E-01 2.831266998972762E+00 2.428871847371669E+00 -2.728127586918874E-01 1.493598178904554E-01 -9.999758508213297E-01 -2.141285195777811E+00 -2.957959773531287E-01 1.488840798680433E-01 1.567423540096312E+00 7.067215742584235E-01 -6.032786305223257E-01 -9.068263886591408E-01 5.146652812396444E-01 
-4.024679021314220E-01 9.094906928262294E-01 -1.130698392657442E+00 1.287897286820554E+00 -1.546174524055623E+00 -6.342976128540686E-01 -1.665334536937735E-15 2.311956531074404E-01 -7.642049526800255E-01 1.567578420849360E+00 -3.401953612461299E+00 3.108624468950438E-15 6.342976128540700E-01 6.222114469692450E-02 -9.845544117232749E-02 2.033095913844818E-15 3.401953612461297E+00 1.546174524055620E+00 1.332267629550188E-15 9.845544117232856E-02 -1.567578420849363E+00 -1.287897286820555E+00 -6.222114469692455E-02 7.642049526800226E-01 1.130698392657445E+00 -2.311956531074423E-01 -9.094906928262280E-01 4.024679021314244E-01 
8.439773500154542E-01 -1.985656364247202E+00 2.589139777647827E+00 -3.117477922832161E+00 3.690760330301430E+00 -4.384712827957427E+00 -7.876636522706923E-01 -3.442497157087456E-01 1.167291801379801E+00 -2.344788531765874E+00 4.496281557246654E+00 -1.033663482987604E+01 7.125074416831684E+00 -1.307651838517958E-01 2.755995418767823E-01 -4.951104840739161E-01 9.459224280501596E-01 4.282052272384687E+00 -1.942963420565955E-02 9.869462071487305E-02 -2.682264060356887E-01 -2.170508397626903E+00 -2.857613168759365E-02 1.001590615422745E-01 1.362385171331388E+00 -2.041089894501091E-02 -8.774655978942806E-01 3.343382496559705E-01 
6.252566655153411E-01 4.730574451343649E-16 -2.812194581745181E-16 2.220446049250313E-16 4.453865830575894E-16 -1.932353314130491E-17 -2.772253818060195E-16 -2.215804283169974E+00 8.183390686166964E-16 2.775557561562891E-17 7.355164976401222E-16 -7.825125721297693E-16 5.018418870729619E-16 3.674169029676172E-15 -6.663797343681099E-16 1.135644695308145E-15 -1.987720223164410E-15 -4.111414508054110E-16 2.266698087085998E+00 -6.254394922100442E-16 2.180369032354220E-15 7.260542400461075E-16 -1.066441904006373E+00 -1.474696808428595E-15 -4.440892098500626E-16 6.163908355175799E-01 -8.979313098857622E-17 -2.260994009425759E-01 
-3.209579837677062E-01 4.198521513797141E-01 9.368937913564830E-02 -8.063985275379382E-03 -9.989363497565899E-03 2.018650040444125E-02 -1.145267292889272E-02 6.517741597973217E-01 -1.800934241108817E+00 -1.564382006974666E-01 6.510697498621533E-02 -4.724571213519879E-02 1.455836312895469E-02 -7.185764488489395E-01 -1.004212072760085E-01 8.832124526319207E-03 2.630175257413729E-02 1.414795222065612E-03 7.710995593958221E-01 2.108995815462385E+00 -7.222323268610505E-02 -1.023528932041931E-02 -7.232594971905475E-01 -8.271414419112144E-01 5.972805372760336E-02 6.144893723368147E-01 2.349085738334088E-01 -2.839982992665916E-01 
3.664137459237411E-01 -5.487742413505635E-01 3.170898270777208E-01 1.489387502073239E-01 -2.156283835892725E-02 1.747528525459019E-02 2.914335439641036E-16 -5.662495266051545E-01 1.303114435099505E+00 -1.835627635179340E+00 -1.904351165417177E-01 0.000000000000000E+00 -1.747528525459086E-02 3.386526654366481E-01 -1.645192518637620E+00 2.664535259100376E-15 1.904351165417177E-01 2.156283835892764E-02 0.000000000000000E+00 1.645192518637619E+00 1.835627635179339E+00 -1.489387502073249E-01 -3.386526654366469E-01 -1.303114435099504E+00 -3.170898270777202E-01 5.662495266051535E-01 5.487742413505610E-01 -3.664137459237402E-01 
-5.146652812396457E-01 9.068263886591441E-01 -7.067215742584225E-01 2.957959773531293E-01 2.728127586918867E-01 -7.785891021506763E-02 9.170630302052163E-02 6.032786305223269E-01 -1.567423540096317E+00 2.141285195777812E+00 -2.428871847371668E+00 -1.629212720258557E-01 -1.796813309406626E-01 -1.488840798680448E-01 9.999758508213319E-01 -2.831266998972759E+00 4.852705167258355E-01 5.308103325983818E-01 -1.493598178904546E-01 1.399355367699554E-01 2.195302045856696E+00 1.222646872949855E+00 7.511743740332100E-02 -9.428170018018702E-01 -9.300581009899115E-01 2.574879653447471E-01 7.662466630288682E-01 -3.439687198531331E-01 
1.345023169351653E+00 -2.610816436610341E+00 2.452781655413907E+00 -1.685936367970126E+00 4.828334851803220E-01 1.027593665809472E+00 -2.626741276181437E-01 -1.242432810805074E+00 3.456170951798923E+00 -5.188391659139160E+00 6.396936411823850E+00 -6.769317312562293E+00 2.340247394946937E-02 7.077242720410891E-02 -1.143304170242402E+00 3.257663464174978E+00 -8.624435201174295E+00 6.506027930532847E+00 2.517828114618709E-01 -5.537569672403879E-01 1.042191731137137E+00 2.868894502468211E+00 3.922367444908170E-02 -2.414733892043799E-01 -1.548242499565061E+00 7.325463390613909E-02 9.402074782636302E-01 -3.639795247939360E-01 
-3.124999999999992E-01 2.075780303941629E-16 -1.360699235102097E-16 0.000000000000000E+00 -2.420465698981887E-16 1.146080059512538E-16 2.767571567864187E-17 9.075444712688217E-01 -1.353415656793161E-15 3.330669073875470E-16 -3.303512072943425E-16 3.894061129870098E-16 -1.031974916819938E-16 -2.006969240588754E+00 1.345576020310886E-17 -3.821149399043439E-17 1.325387100689272E-16 1.460632647029611E-16 1.227465799257300E-15 -1.940732127838052E-16 -1.489707938957276E-15 -3.969620848245233E-16 2.006969240588752E+00 9.553851125594928E-16 3.400058012914542E-16 -9.075444712688219E-01 2.548557966961257E-16 3.125000000000012E-01 
2.839982992665916E-01 -2.349085738334108E-01 -5.972805372760370E-02 1.023528932041956E-02 -1.414795222066084E-03 -1.455836312895423E-02 1.145267292889250E-02 -6.144893723368162E-01 8.271414419112177E-01 7.222323268610618E-02 -2.630175257413594E-02 4.724571213519702E-02 -2.018650040444028E-02 7.232594971905481E-01 -2.108995815462388E+00 -8.832124526323287E-03 -6.510697498621321E-02 9.989363497565074E-03 -7.710995593958210E-01 1.004212072760123E-01 1.564382006974661E-01 8.063985275379121E-03 7.185764488489391E-01 1.800934241108813E+00 -9.368937913564863E-02 -6.517741597973213E-01 -4.198521513797114E-01 3.209579837677058E-01 
-5.032126083107509E-01 5.887202673933710E-01 -1.502988750901077E-01 -1.391245285700364E-01 1.538938367571904E-02 2.257939151133526E-02 -5.997042058654112E-02 8.866398882547043E-01 -1.520177827961118E+00 9.736740982471921E-01 2.121587694560611E-01 -1.156755598906571E-01 1.517572906920555E-01 -6.967322107608602E-01 2.076178220791597E+00 -2.840099123499078E+00 8.630623039430740E-02 -2.067986037993634E-01 3.038599626285095E-01 -2.272433646674199E+00 5.856917240018451E-01 4.515473135540351E-01 1.791233795562379E-01 1.638012969082958E+00 1.249386781447322E+00 -4.977110615947804E-01 -8.314554907379820E-01 4.126642867882271E-01 
1.571924772245808E+00 -2.281949355188881E+00 1.162890865095711E+00 1.406193332921468E-02 -4.965325549547175E-01 -8.302583013530418E-02 1.354014360637952E-01 -2.281949355188883E+00 4.745245254807426E+00 -4.398843139842469E+00 2.036073753681069E+00 1.115917887192766E+00 -3.964137210818626E-01 1.162890865095718E+00 -4.398843139842475E+00 6.876792247865401E+00 -7.645246843682695E+00 3.684791665835006E-01 1.406193332920980E-02 2.036073753681069E+00 -7.645246843682702E+00 6.332485761641187E+00 -4.965325549547162E-01 1.115917887192766E+00 2.375448407172259E+00 -8.302583013531006E-02 -1.303958192350684E+00 4.479014360637963E-01 
2.260994009425752E-01 -7.702612799588998E-17 -3.882577290004108E-17 2.923495841643054E-17 4.443467778241270E-16 -9.505552633038174E-17 2.453058314572654E-16 -6.163908355175804E-01 2.557941497181340E-16 -4.440892098500626E-16 -1.350402245646571E-16 5.997242384085396E-16 -8.179365011944245E-16 1.066441904006376E+00 9.181943075631022E-17 -2.050810974370665E-16 -1.459788566625491E-15 1.154156815592338E-15 -2.266698087086001E+00 -2.390327845969666E-16 1.948172516677886E-15 -1.200517587991820E-15 5.744119077716770E-15 -1.717936026596053E-15 1.033895191682177E-15 2.215804283169971E+00 -1.656491788176353E-15 -6.252566655153440E-01 
-3.547796641416829E-01 2.074823808480162E-01 6.178154481498827E-02 -9.133602269953967E-04 -4.395998819375290E-04 -2.371327225942726E-02 4.768823798974156E-02 8.000787078144395E-01 -6.956394087831219E-01 -9.935195321043050E-02 -8.965120381032310E-04 6.856554389690739E-02 -1.094119850117917E-01 -9.850637427480649E-01 1.432336019241393E+00 1.206297624012169E-01 -1.352424016079690E-01 1.456346499093809E-01 1.098244520847076E+00 -3.209748551194652E+00 1.922050612666445E-01 -1.896527659734797E-01 -1.176961681655652E+00 5.151499637263814E-01 3.692128423999694E-01 9.201040534747410E-01 1.554401666328807E+00 -5.517000562263961E-01 
1.345023169351649E+00 -1.242432810805076E+00 7.077242720411259E-02 2.517828114618655E-01 3.922367444908448E-02 7.325463390613818E-02 -1.378801238513627E-01 -2.610816436610341E+00 3.456170951798930E+00 -1.143304170242406E+00 -5.537569672403864E-01 -2.414733892043794E-01 3.238166427460527E-01 2.452781655413909E+00 -5.188391659139159E+00 3.257663464174978E+00 1.042191731137140E+00 -4.818005955586848E-01 -1.685936367970129E+00 6.396936411823839E+00 -8.624435201174290E+00 6.021964153822135E-01 4.828334851803286E-01 -6.769317312562299E+00 6.506027930532849E+00 1.027593665809472E+00 2.239206757119439E+00 -8.879307931334877E-01 
-2.266118703954456E-01 7.481791993490221E-17 3.148042337160791E-16 -8.881784197001252E-16 -1.720783382261427E-16 -2.212930357506751E-16 6.495903423670056E-16 6.022471796357858E-01 7.862220166756514E-17 7.280402905528407E-16 1.147961258043919E-15 -8.895064759817258E-17 -9.593391924924268E-16 -9.613397972887122E-01 5.924435197953936E-16 -3.184447228934389E-17 -5.725203157525216E-16 1.911251085944413E-16 1.598606688098367E+00 -2.120724322536945E-15 1.256193328863509E-15 3.440570818100791E-16 -3.455828214294277E+00 -2.555814280517850E-15 -6.800116025829084E-16 -1.798561299892754E-14 3.573968894486545E-15 2.442926014244300E+00 
8.439773500154546E-01 -3.442497157087469E-01 -1.307651838517984E-01 -1.942963420565613E-02 -2.857613168759823E-02 -2.041089894500853E-02 1.077263792605214E-01 -1.985656364247208E+00 1.167291801379812E+00 2.755995418767807E-01 9.869462071486967E-02 1.001590615422814E-01 -2.752184182584938E-01 2.589139777647836E+00 -2.344788531765879E+00 -4.951104840739191E-01 -2.682264060356832E-01 4.010453740426740E-01 -3.117477922832167E+00 4.496281557246664E+00 9.459224280501541E-01 -5.719017095285377E-01 3.690760330301424E+00 -1.033663482987605E+01 8.262240580904088E-01 -4.384712827957417E+00 7.125074416831675E+00 1.655262361973606E+00 
4.999999999999982E-01 -6.622044044617930E-16 -1.115513472687854E-15 4.440892098500626E-16 -1.666592917449494E-15 9.993968061423213E-16 -1.823671767759006E-15 -1.317373435702428E+00 3.481798720444094E-15 8.881784197001252E-16 1.770276261292788E-15 -1.742291657732692E-15 4.717681280200483E-15 2.049964813076735E+00 -3.030303489997374E-15 -2.026912188552711E-15 2.718140083002649E-15 -4.594266717526827E-15 -3.199999999999989E+00 1.490546771432726E-15 -5.046397858316545E-15 3.411268813754621E-15 5.668985225545478E+00 1.320583466989348E-14 -4.315992008230296E-15 -1.420157660291982E+01 5.457327682388929E-15 1.050000000000001E+01 
% reference mass matrix
4.084489183547778E-03 -3.795156600115427E-03 2.493327913512152E-03 -8.831848091380655E-04 3.873731970382511E-05 2.875658654248308E-04 -1.534692438967952E-04 -3.795156600115412E-03 6.289192341700501E-03 -4.665643628156115E-03 2.285876417629607E-03 -2.768799815391796E-04 -4.649330408767356E-04 2.493327913512164E-03 -4.665643628156134E-03 3.197648349199752E-03 -5.801900956382409E-04 -1.688376315975942E-03 -8.831848091380809E-04 2.285876417629604E-03 -5.801900956382341E-04 -2.398331400744498E-03 3.873731970384158E-05 -2.768799815391619E-04 -1.688376315975938E-03 2.875658654248217E-04 -4.649330408767390E-04 -1.534692438967918E-04 
-3.795156600115425E-03 1.953175895115638E-02 -5.184818824786240E-03 2.400400733240366E-03 -4.022547261676957E-04 -4.471724730699435E-04 2.875658654248293E-04 9.340759286750480E-03 -3.176800018764873E-03 7.148584369264242E-03 -3.819788252432683E-03 3.522751993737870E-04 1.095500640440514E-03 -5.718651389364057E-03 2.624342490614829E-03 -4.067406251242672E-03 3.355867574366020E-04 3.464517214864987E-03 2.720893544356532E-03 -9.123100241133124E-04 8.082087295348486E-04 3.546238087358021E-03 -1.669253955437240E-03 -3.752380016554700E-04 1.509895955005652E-03 1.095500640440518E-03 4.017188924969450E-04 -4.649330408767387E-04 
2.493327913512153E-03 -5.184818824786242E-03 2.836978931600503E-02 -4.405678465530377E-03 1.827930834085045E-03 -4.022547261677079E-04 3.873731970383400E-05 -5.718651389364050E-03 1.531168496865587E-02 6.420340693915214E-03 8.533402182415185E-04 7.675444685558697E-04 -1.669253955437222E-03 -1.038648214586132E-03 -1.192103359723398E-02 -1.841219198937735E-03 1.233245883914076E-03 -3.628685451817742E-03 3.473962340356059E-03 7.853374008297585E-03 2.669865388994925E-04 -2.049491328350652E-03 -3.628685451817734E-03 -4.389602752526981E-03 7.697017002551793E-05 3.464517214864985E-03 1.509895955005660E-03 -1.688376315975944E-03 
-8.831848091380707E-04 2.400400733240366E-03 -4.405678465530381E-03 3.178277913292567E-02 -4.405678465530381E-03 2.400400733240368E-03 -8.831848091380588E-04 2.720893544356513E-03 -4.622745914442995E-03 1.361180641048511E-02 1.361180641048505E-02 -4.622745914442908E-03 2.720893544356511E-03 3.473962340356045E-03 -3.079317521658017E-03 -1.374715802665964E-02 -3.079317521658056E-03 3.473962340356078E-03 -4.998291867247184E-04 7.881999668318131E-03 7.881999668318138E-03 -4.998291867247310E-04 -2.049491328350659E-03 -7.863029925325411E-03 -2.049491328350652E-03 3.546238087358022E-03 3.546238087358008E-03 -2.398331400744489E-03 
3.873731970383118E-05 -4.022547261677004E-04 1.827930834085049E-03 -4.405678465530375E-03 2.836978931600503E-02 -5.184818824786267E-03 2.493327913512151E-03 -1.669253955437222E-03 7.675444685559217E-04 8.533402182415131E-04 6.420340693915158E-03 1.531168496865580E-02 -5.718651389364044E-03 -3.628685451817738E-03 1.233245883914100E-03 -1.841219198937740E-03 -1.192103359723399E-02 -1.038648214586124E-03 -2.049491328350654E-03 2.669865388994741E-04 7.853374008297595E-03 3.473962340356053E-03 7.697017002551774E-05 -4.389602752526973E-03 -3.628685451817741E-03 1.509895955005658E-03 3.464517214864970E-03 -1.688376315975938E-03 
