% degree N
4
% number of nodes
15
% node coordinates
-1.000000000000000E+00 -1.000000000000000E+00
-6.546536707079771E-01 -1.000000000000000E+00
0.000000000000000E+00 -1.000000000000000E+00
6.546536707079772E-01 -9.999999999999999E-01
1.000000000000000E+00 -1.000000000000000E+00
-1.000000000000000E+00 -6.546536707079771E-01
-5.515835075553056E-01 -5.515835075553056E-01
1.031670151106111E-01 -5.515835075553056E-01
6.546536707079772E-01 -6.546536707079772E-01
-1.000000000000000E+00 0.000000000000000E+00
-5.515835075553056E-01 1.031670151106112E-01
0.000000000000000E+00 0.000000000000000E+00
-9.999999999999999E-01 6.546536707079771E-01
-6.546536707079772E-01 6.546536707079772E-01
-1.000000000000000E+00 1.000000000000000E+00
% r collocation differentation matrix
-4.999999999999999E+00 6.756502488724236E+00 -2.666666666666665E+00 1.410164177942428E+00 -5.000000000000001E-01 -4.961274222700174E-16 5.413568375438304E-16 -8.522829712875626E-17 -1.676196893420314E-15 -5.166416410256427E-16 1.154751059806361E-15 1.235929791107466E-16 -6.789349140396638E-17 -4.885953079039489E-16 1.884420264833628E-16 
-1.240990253030982E+00 -9.737622607554357E-16 1.745743121887939E+00 -7.637626158259735E-01 2.590097469690169E-01 2.494985505992646E-16 -2.381486186919564E-16 2.858382524745135E-16 6.831553864425757E-16 9.871148048976608E-17 -3.238871329045478E-16 -2.362416667395202E-16 5.583998761693083E-17 2.217433750980487E-16 -9.744319763025741E-17 
3.749999999999998E-01 -1.336584577695453E+00 6.158154947935511E-16 1.336584577695454E+00 -3.750000000000000E-01 1.667157988377346E-16 -2.546042249907926E-16 -1.182456667693049E-15 -5.396879057846096E-16 5.296740487005217E-17 3.915414101570503E-16 6.300062639993507E-16 -1.508162494115039E-16 -4.165913232648430E-16 1.996529376494126E-16 
-2.590097469690171E-01 7.637626158259729E-01 -1.745743121887938E+00 -9.308475505145580E-16 1.240990253030983E+00 -2.688366895137165E-16 -1.398780958079132E-16 -6.881536436891160E-16 1.137888513513419E-15 7.056312906185866E-18 7.523618190617381E-16 -5.657977958466941E-16 -1.622681645699444E-16 -2.341719148032953E-17 5.359246379179354E-17 
4.999999999999987E-01 -1.410164177942425E+00 2.666666666666662E+00 -6.756502488724240E+00 5.000000000000000E+00 2.165909893615288E-16 -4.941009833647280E-16 5.786216013685017E-15 3.447621754116302E-15 3.874883299847046E-16 -2.720916700434561E-15 -2.726334343547419E-15 6.380623174862610E-16 2.188056772527040E-15 -9.870537770810125E-16 
-9.850899690646711E-01 2.410138459487758E+00 -2.012532958932446E+00 1.569010545082538E+00 -6.902125107913413E-01 -3.334844906604314E+00 4.745854126443494E+00 -1.764262700058703E+00 4.702877721297085E-01 -3.825172938307966E-01 -4.055222040292171E-01 1.719662634888710E-01 2.633434123783585E-01 4.148531343059123E-02 -9.710334912983093E-02 
3.710196699958409E-01 -6.612771820363523E-01 7.557453508986883E-01 -6.612771820363529E-01 3.190184106673603E-01 -8.894154603466158E-01 -2.037107055561450E-01 1.527299277178653E+00 -3.615305348979478E-01 -1.899408217618772E-01 -4.814327894973103E-16 -7.720734566921757E-02 7.599848376454657E-02 3.089194387977243E-02 -3.561390408035209E-02 
-3.190184106673602E-01 6.612771820363524E-01 -7.557453508986888E-01 6.612771820363533E-01 -3.710196699958411E-01 3.615305348979487E-01 -1.527299277178653E+00 2.037107055561451E-01 8.894154603466148E-01 7.720734566921743E-02 2.457990915296342E-16 1.899408217618775E-01 -3.089194387977238E-02 -7.599848376454650E-02 3.561390408035215E-02 
6.902125107913415E-01 -1.569010545082538E+00 2.012532958932447E+00 -2.410138459487762E+00 9.850899690646718E-01 -4.702877721297096E-01 1.764262700058704E+00 -4.745854126443491E+00 3.334844906604313E+00 -1.719662634888706E-01 4.055222040292162E-01 3.825172938307963E-01 -4.148531343059146E-02 -2.633434123783581E-01 9.710334912983087E-02 
5.139473179819207E-01 -3.885176319680326E-01 -6.104958585131285E-01 1.255574460832307E+00 -8.328718938848468E-01 -1.490459951871575E+00 3.797790432112491E+00 -3.087459725102730E+00 1.255574460832305E+00 -3.196930495855840E+00 3.797790432112493E+00 -6.104958585131290E-01 -1.538753741761218E-01 -3.885176319680326E-01 1.389473179819207E-01 
-3.546323147477118E-01 3.924224787777206E-01 -4.073532874032294E-16 -3.924224787777206E-01 3.546323147477122E-01 7.372756658008988E-01 -1.527299277178652E+00 1.527299277178652E+00 -7.372756658008983E-01 -9.456861726605661E-01 3.341502068702888E-16 9.456861726605656E-01 -2.281382783102629E-01 2.281382783102630E-01 -3.330669073875470E-16 
8.328718938848466E-01 -1.255574460832307E+00 6.104958585131309E-01 3.885176319680321E-01 -5.139473179819201E-01 -1.255574460832306E+00 3.087459725102730E+00 -3.797790432112491E+00 1.490459951871574E+00 6.104958585131297E-01 -3.797790432112494E+00 3.196930495855841E+00 3.885176319680315E-01 1.538753741761217E-01 -1.389473179819200E-01 
-3.561130960988478E-01 4.148531343059166E-02 1.719662634888710E-01 4.702877721297093E-01 -6.902125107913410E-01 1.027106028204332E+00 -4.055222040292192E-01 -1.764262700058701E+00 1.569010545082536E+00 -2.128260415718736E+00 4.745854126443494E+00 -2.012532958932446E+00 -3.334844906604314E+00 2.410138459487761E+00 2.559002839663110E-01 
6.902125107913413E-01 -4.702877721297098E-01 -1.719662634888705E-01 -4.148531343059093E-02 3.561130960988477E-01 -1.569010545082537E+00 1.764262700058703E+00 4.055222040292167E-01 -1.027106028204330E+00 2.012532958932448E+00 -4.745854126443493E+00 2.128260415718733E+00 -2.410138459487762E+00 3.334844906604317E+00 -2.559002839663125E-01 
4.999999999999989E-01 -4.397756872943207E-16 -2.864979840629935E-16 1.488344616575895E-15 -5.000000000000004E-01 -1.410164177942424E+00 -6.781527184980044E-16 -1.933787293033918E-15 1.410164177942426E+00 2.666666666666663E+00 4.014082011438498E-15 -2.666666666666667E+00 -6.756502488724239E+00 6.756502488724241E+00 -1.554312234475219E-15 
% s collocation differentation matrix
-4.999999999999999E+00 -3.360730578173361E-16 -4.418875686132675E-16 1.398091905708767E-15 -5.664983938435910E-16 6.756502488724239E+00 -4.386996346028587E-18 -1.123462299396076E-15 -5.067770205044985E-17 -2.666666666666666E+00 -5.706378636557727E-17 8.742388174844821E-16 1.410164177942427E+00 -1.399067338354960E-15 -4.999999999999993E-01 
-9.850899690646719E-01 -3.334844906604314E+00 -3.825172938307970E-01 2.633434123783590E-01 -9.710334912983079E-02 2.410138459487759E+00 4.745854126443496E+00 -4.055222040292180E-01 4.148531343059141E-02 -2.012532958932447E+00 -1.764262700058705E+00 1.719662634888716E-01 1.569010545082538E+00 4.702877721297091E-01 -6.902125107913410E-01 
5.139473179819195E-01 -1.490459951871574E+00 -3.196930495855841E+00 -1.538753741761216E-01 1.389473179819203E-01 -3.885176319680318E-01 3.797790432112493E+00 3.797790432112492E+00 -3.885176319680313E-01 -6.104958585131314E-01 -3.087459725102732E+00 -6.104958585131295E-01 1.255574460832309E+00 1.255574460832306E+00 -8.328718938848472E-01 
-3.561130960988481E-01 1.027106028204334E+00 -2.128260415718737E+00 -3.334844906604315E+00 2.559002839663110E-01 4.148531343059081E-02 -4.055222040292185E-01 4.745854126443493E+00 2.410138459487762E+00 1.719662634888717E-01 -1.764262700058702E+00 -2.012532958932448E+00 4.702877721297091E-01 1.569010545082538E+00 -6.902125107913410E-01 
4.999999999999972E-01 -1.410164177942425E+00 2.666666666666662E+00 -6.756502488724240E+00 -2.442490654175344E-15 1.010753890112567E-15 -1.355397852899096E-15 6.814353887927857E-15 6.756502488724241E+00 1.799905748222413E-16 -2.556099161379083E-15 -2.666666666666668E+00 1.335311456334417E-15 1.410164177942428E+00 -5.000000000000007E-01 
-1.240990253030982E+00 -1.974764657542582E-16 8.703790212467896E-17 3.495229764271917E-16 4.001499088165547E-17 -5.928866891577753E-16 -1.429454111742297E-16 -9.249291167862179E-16 -2.796165725761177E-16 1.745743121887939E+00 9.208509647605381E-16 4.068979959180423E-16 -7.637626158259739E-01 -5.234337082287809E-17 2.590097469690171E-01 
3.710196699958411E-01 -8.894154603466158E-01 -1.899408217618769E-01 7.599848376454614E-02 -3.561390408035187E-02 -6.612771820363529E-01 -2.037107055561456E-01 -5.502207142094047E-16 3.089194387977213E-02 7.557453508986894E-01 1.527299277178654E+00 -7.720734566921765E-02 -6.612771820363533E-01 -3.615305348979486E-01 3.190184106673604E-01 
-3.546323147477117E-01 7.372756658008986E-01 -9.456861726605658E-01 -2.281382783102632E-01 0.000000000000000E+00 3.924224787777205E-01 -1.527299277178653E+00 3.997186692625512E-16 2.281382783102624E-01 1.507489564097971E-16 1.527299277178654E+00 9.456861726605656E-01 -3.924224787777215E-01 -7.372756658008988E-01 3.546323147477125E-01 
6.902125107913417E-01 -1.569010545082538E+00 2.012532958932448E+00 -2.410138459487762E+00 -2.559002839663116E-01 -4.702877721297101E-01 1.764262700058703E+00 -4.745854126443491E+00 3.334844906604315E+00 -1.719662634888682E-01 4.055222040292168E-01 2.128260415718734E+00 -4.148531343059326E-02 -1.027106028204330E+00 3.561130960988479E-01 
3.749999999999998E-01 1.104339928399712E-17 1.057921023797955E-16 -1.092259301334974E-16 8.726738799310947E-17 -1.336584577695453E+00 -6.541090360007725E-17 -7.668765921723762E-18 5.763484828205399E-17 7.064601747947492E-16 -8.619325886448004E-16 1.646011981980350E-16 1.336584577695454E+00 -1.128375373668498E-16 -3.750000000000001E-01 
-3.190184106673601E-01 3.615305348979481E-01 7.720734566921726E-02 -3.089194387977196E-02 3.561390408035200E-02 6.612771820363527E-01 -1.527299277178652E+00 -2.778705129571414E-16 -7.599848376454664E-02 -7.557453508986888E-01 2.037107055561454E-01 1.899408217618775E-01 6.612771820363530E-01 8.894154603466154E-01 -3.710196699958414E-01 
8.328718938848465E-01 -1.255574460832307E+00 6.104958585131307E-01 3.885176319680318E-01 -1.389473179819196E-01 -1.255574460832306E+00 3.087459725102728E+00 -3.797790432112490E+00 1.538753741761202E-01 6.104958585131297E-01 -3.797790432112492E+00 3.196930495855840E+00 3.885176319680317E-01 1.490459951871575E+00 -5.139473179819203E-01 
-2.590097469690170E-01 1.542021887049453E-16 9.990693784058620E-17 5.734361332008614E-17 -1.376310364497853E-16 7.637626158259732E-01 -6.536819974401510E-16 3.408972609507487E-16 1.137445266203832E-16 -1.745743121887938E+00 -7.003046113293886E-16 -2.001185318041409E-16 -1.468615348999294E-17 5.895602486455744E-16 1.240990253030983E+00 
6.902125107913417E-01 -4.702877721297097E-01 -1.719662634888707E-01 -4.148531343059094E-02 9.710334912983043E-02 -1.569010545082537E+00 1.764262700058703E+00 4.055222040292168E-01 -2.633434123783571E-01 2.012532958932447E+00 -4.745854126443494E+00 3.825172938307958E-01 -2.410138459487761E+00 3.334844906604316E+00 9.850899690646708E-01 
4.999999999999991E-01 3.073334353013107E-16 4.042237302683581E-16 3.917125175530723E-16 -3.623743248295919E-16 -1.410164177942426E+00 -6.781527184980044E-16 -9.745624124386850E-17 6.875513514874802E-16 2.666666666666663E+00 2.751420741101913E-15 -1.827267384684886E-15 -6.756502488724239E+00 1.321355165862424E-15 4.999999999999998E+00 
% reference mass matrix
1.072428514101806E-02 -6.465191547499735E-03 2.854839819725181E-03 2.174023523069501E-04 -4.529092633491485E-04 -6.465191547499745E-03 6.734296192609927E-03 -6.948009743103383E-04 -3.205164385362518E-03 2.854839819725182E-03 -6.948009743103405E-04 -6.853800707404921E-03 2.174023523069590E-04 -3.205164385362523E-03 -4.529092633491534E-04 
-6.465191547499729E-03 6.280114088393463E-02 -8.464255262476102E-03 1.425768560505451E-03 2.174023523069460E-04 2.841605647608204E-02 1.383689551988726E-02 -2.986594309589998E-03 8.189533341584610E-03 -1.524383216761014E-02 -7.424001994334617E-03 1.147558584628689E-02 8.189533341584640E-03 3.968012160146018E-03 -3.205164385362524E-03 
2.854839819725163E-03 -8.464255262476090E-03 8.204499853465742E-02 -8.464255262476081E-03 2.854839819725180E-03 -1.524383216761012E-02 3.678124941605780E-02 3.678124941605779E-02 -1.524383216761010E-02 -9.747408424478970E-03 -2.913367890881906E-02 -9.747408424478981E-03 1.147558584628692E-02 1.147558584628692E-02 -6.853800707404924E-03 
2.174023523069564E-04 1.425768560505431E-03 -8.464255262476081E-03 6.280114088393471E-02 -6.465191547499750E-03 8.189533341584643E-03 -2.986594309590035E-03 1.383689551988723E-02 2.841605647608203E-02 1.147558584628691E-02 -7.424001994334608E-03 -1.524383216761010E-02 3.968012160146014E-03 8.189533341584591E-03 -3.205164385362518E-03 
-4.529092633491524E-04 2.174023523069457E-04 2.854839819725182E-03 -6.465191547499752E-03 1.072428514101807E-02 -3.205164385362527E-03 -6.948009743103367E-04 6.734296192609910E-03 -6.465191547499754E-03 -6.853800707404916E-03 -6.948009743103313E-04 2.854839819725184E-03 -3.205164385362522E-03 2.174023523069599E-04 -4.529092633491524E-04 
-6.465191547499734E-03 2.841605647608203E-02 -1.524383216761014E-02 8.189533341584650E-03 -3.205164385362527E-03 6.280114088393463E-02 1.383689551988723E-02 -7.424001994334544E-03 3.968012160146043E-03 -8.464255262476099E-03 -2.986594309590025E-03 1.147558584628691E-02 1.425768560505453E-03 8.189533341584626E-03 2.174023523069538E-04 
6.734296192609873E-03 1.383689551988727E-02 3.678124941605779E-02 -2.986594309590028E-03 -6.948009743103396E-04 1.383689551988724E-02 3.287392845824157E-01 7.678240925731315E-03 -7.424001994334560E-03 3.678124941605789E-02 7.678240925731266E-03 -2.913367890881905E-02 -2.986594309589986E-03 -7.424001994334585E-03 -6.948009743103986E-04 
-6.948009743103327E-04 -2.986594309590014E-03 3.678124941605779E-02 1.383689551988724E-02 6.734296192609894E-03 -7.424001994334654E-03 7.678240925731474E-03 3.287392845824155E-01 1.383689551988737E-02 -2.913367890881908E-02 7.678240925731294E-03 3.678124941605780E-02 -7.424001994334547E-03 -2.986594309590004E-03 -6.948009743103362E-04 
-3.205164385362514E-03 8.189533341584615E-03 -1.524383216761012E-02 2.841605647608202E-02 -6.465191547499749E-03 3.968012160146043E-03 -7.424001994334624E-03 1.383689551988727E-02 6.280114088393456E-02 1.147558584628689E-02 -2.986594309590022E-03 -8.464255262476048E-03 8.189533341584621E-03 1.425768560505418E-03 2.174023523069651E-04 
2.854839819725161E-03 -1.524383216761013E-02 -9.747408424478972E-03 1.147558584628691E-02 -6.853800707404921E-03 -8.464255262476099E-03 3.678124941605778E-02 -2.913367890881904E-02 1.147558584628690E-02 8.204499853465741E-02 3.678124941605778E-02 -9.747408424478975E-03 -8.464255262476085E-03 -1.524383216761013E-02 2.854839819725188E-03 
-6.948009743103188E-04 -7.424001994334695E-03 -2.913367890881906E-02 -7.424001994334583E-03 -6.948009743103258E-04 -2.986594309590125E-03 7.678240925731427E-03 7.678240925731378E-03 -2.986594309590051E-03 3.678124941605786E-02 3.287392845824157E-01 3.678124941605780E-02 1.383689551988722E-02 1.383689551988725E-02 6.734296192609918E-03 
-6.853800707404918E-03 1.147558584628691E-02 -9.747408424478993E-03 -1.524383216761011E-02 2.854839819725175E-03 1.147558584628692E-02 -2.913367890881905E-02 3.678124941605779E-02 -8.464255262476073E-03 -9.747408424478986E-03 3.678124941605782E-02 8.204499853465741E-02 -1.524383216761013E-02 -8.464255262476055E-03 2.854839819725186E-03 
2.174023523069633E-04 8.189533341584610E-03 1.147558584628693E-02 3.968012160146019E-03 -3.205164385362525E-03 1.425768560505467E-03 -2.986594309589999E-03 -7.424001994334578E-03 8.189533341584603E-03 -8.464255262476100E-03 1.383689551988725E-02 -1.524383216761013E-02 6.280114088393471E-02 2.841605647608204E-02 -6.465191547499761E-03 
-3.205164385362514E-03 3.968012160145996E-03 1.147558584628691E-02 8.189533341584624E-03 2.174023523069573E-04 8.189533341584626E-03 -7.424001994334574E-03 -2.986594309590015E-03 1.425768560505436E-03 -1.524383216761016E-02 1.383689551988726E-02 -8.464255262476079E-03 2.841605647608204E-02 6.280114088393463E-02 -6.465191547499760E-03 
-4.529092633491529E-04 -3.205164385362521E-03 -6.853800707404926E-03 -3.205164385362520E-03 -4.529092633491525E-04 2.174023523069522E-04 -6.948009743103436E-04 -6.948009743103396E-04 2.174023523069589E-04 2.854839819725191E-03 6.734296192609917E-03 2.854839819725185E-03 -6.465191547499755E-03 -6.465191547499754E-03 1.072428514101807E-02 
% FaceNodes
0 1 2 3 4 
4 8 11 13 14 
0 5 9 12 14 
% LIFT matrix
1.000000000000000E+01 6.756502488724246E+00 -2.666666666666663E+00 1.410164177942432E+00 -5.000000000000002E-01 7.500000000000022E-01 4.083333333333344E+00 5.333333333333344E+00 4.083333333333337E+00 7.500000000000001E-01 1.000000000000000E+01 6.756502488724258E+00 -2.666666666666668E+00 1.410164177942428E+00 -5.000000000000010E-01 
1.240990253030983E+00 1.166666666666667E+01 2.666666666666673E+00 -8.333333333333273E-01 2.590097469690184E-01 -2.778157826894099E-01 -1.890264240320814E+00 -1.974788681208872E+00 1.251122805306091E+00 7.488887560558574E-01 1.196525173832863E-01 -3.167789471972759E+00 1.267305688011592E+00 -5.264024263458570E-01 1.643765500665918E-01 
-3.749999999999989E-01 2.041666666666672E+00 1.166666666666667E+01 2.041666666666666E+00 -3.749999999999994E-01 1.562500000000054E-02 2.348220460997917E+00 1.666666666666659E-01 -1.327387127664582E+00 6.718750000000003E-01 1.562500000000104E-02 2.348220460997916E+00 1.666666666666658E-01 -1.327387127664580E+00 6.718749999999997E-01 
2.590097469690171E-01 -8.333333333333259E-01 2.666666666666662E+00 1.166666666666665E+01 1.240990253030981E+00 1.196525173832886E-01 -3.167789471972755E+00 1.267305688011586E+00 -5.264024263458548E-01 1.643765500665909E-01 -2.778157826894112E-01 -1.890264240320812E+00 -1.974788681208867E+00 1.251122805306087E+00 7.488887560558556E-01 
-4.999999999999999E-01 1.410164177942437E+00 -2.666666666666663E+00 6.756502488724237E+00 1.000000000000000E+01 1.000000000000000E+01 6.756502488724255E+00 -2.666666666666667E+00 1.410164177942425E+00 -5.000000000000002E-01 7.500000000000024E-01 4.083333333333345E+00 5.333333333333342E+00 4.083333333333330E+00 7.499999999999998E-01 
1.196525173832886E-01 -3.167789471972757E+00 1.267305688011590E+00 -5.264024263458590E-01 1.643765500665924E-01 7.488887560558579E-01 1.251122805306090E+00 -1.974788681208872E+00 -1.890264240320811E+00 -2.778157826894114E-01 1.240990253030986E+00 1.166666666666668E+01 2.666666666666671E+00 -8.333333333333317E-01 2.590097469690169E-01 
-1.394603757585134E-01 -1.112494223207196E+00 -1.420296491821500E+00 2.024944198420114E-01 3.074537195243392E-03 -8.562728694830156E-02 2.595799719118728E-01 1.252165018623973E+00 2.595799719118715E-01 -8.562728694830085E-02 -1.394603757585134E-01 -1.112494223207197E+00 -1.420296491821502E+00 2.024944198420117E-01 3.074537195243944E-03 
3.074537195243590E-03 2.024944198420111E-01 -1.420296491821500E+00 -1.112494223207192E+00 -1.394603757585128E-01 -1.394603757585129E-01 -1.112494223207197E+00 -1.420296491821502E+00 2.024944198420128E-01 3.074537195243799E-03 -8.562728694830127E-02 2.595799719118729E-01 1.252165018623973E+00 2.595799719118712E-01 -8.562728694830088E-02 
1.643765500665927E-01 -5.264024263458600E-01 1.267305688011589E+00 -3.167789471972753E+00 1.196525173832911E-01 1.240990253030985E+00 1.166666666666668E+01 2.666666666666671E+00 -8.333333333333333E-01 2.590097469690175E-01 7.488887560558586E-01 1.251122805306090E+00 -1.974788681208872E+00 -1.890264240320808E+00 -2.778157826894117E-01 
1.562500000000023E-02 2.348220460997917E+00 1.666666666666663E-01 -1.327387127664580E+00 6.718750000000009E-01 6.718750000000008E-01 -1.327387127664584E+00 1.666666666666659E-01 2.348220460997918E+00 1.562499999999971E-02 -3.750000000000002E-01 2.041666666666671E+00 1.166666666666667E+01 2.041666666666666E+00 -3.750000000000002E-01 
-8.562728694830092E-02 2.595799719118722E-01 1.252165018623972E+00 2.595799719118714E-01 -8.562728694830087E-02 3.074537195243923E-03 2.024944198420124E-01 -1.420296491821501E+00 -1.112494223207195E+00 -1.394603757585129E-01 3.074537195243943E-03 2.024944198420117E-01 -1.420296491821500E+00 -1.112494223207194E+00 -1.394603757585132E-01 
6.718750000000002E-01 -1.327387127664582E+00 1.666666666666659E-01 2.348220460997911E+00 1.562499999999931E-02 -3.750000000000006E-01 2.041666666666670E+00 1.166666666666668E+01 2.041666666666667E+00 -3.750000000000003E-01 6.718750000000004E-01 -1.327387127664583E+00 1.666666666666644E-01 2.348220460997914E+00 1.562499999999995E-02 
-2.778157826894116E-01 -1.890264240320809E+00 -1.974788681208868E+00 1.251122805306086E+00 7.488887560558557E-01 1.643765500665909E-01 -5.264024263458564E-01 1.267305688011589E+00 -3.167789471972754E+00 1.196525173832886E-01 2.590097469690161E-01 -8.333333333333305E-01 2.666666666666662E+00 1.166666666666666E+01 1.240990253030984E+00 
7.488887560558576E-01 1.251122805306091E+00 -1.974788681208869E+00 -1.890264240320806E+00 -2.778157826894115E-01 2.590097469690171E-01 -8.333333333333330E-01 2.666666666666667E+00 1.166666666666667E+01 1.240990253030984E+00 1.643765500665918E-01 -5.264024263458587E-01 1.267305688011593E+00 -3.167789471972753E+00 1.196525173832893E-01 
7.500000000000003E-01 4.083333333333342E+00 5.333333333333339E+00 4.083333333333328E+00 7.499999999999998E-01 -5.000000000000000E-01 1.410164177942426E+00 -2.666666666666665E+00 6.756502488724247E+00 9.999999999999996E+00 -5.000000000000001E-01 1.410164177942425E+00 -2.666666666666668E+00 6.756502488724251E+00 9.999999999999996E+00 
% Face Mass matrix
8.888888888888877E-02 2.592592592592601E-02 -2.962962962962964E-02 2.592592592592587E-02 -1.111111111111108E-02 3.791997098268052E-17 6.974622070380710E-17 -3.272525603613542E-18 -4.045685210441860E-17 -1.595501825910918E-17 8.888888888888878E-02 2.592592592592600E-02 -2.962962962962963E-02 2.592592592592593E-02 -1.111111111111112E-02 
2.592592592592610E-02 4.839506172839509E-01 6.913580246913574E-02 -6.049382716049372E-02 2.592592592592589E-02 -2.818925648462312E-18 -2.131523321813183E-16 -1.724345324088754E-16 7.939514731220776E-18 9.652307878704832E-18 8.102048636275533E-17 9.287068905026731E-17 3.386421736849187E-17 1.353303614546837E-16 2.713413974797603E-18 
-2.962962962962977E-02 6.913580246913580E-02 6.320987654320992E-01 6.913580246913578E-02 -2.962962962962966E-02 -2.775557561562891E-17 1.254639445665232E-16 4.999141736512514E-17 5.252591657905055E-17 8.737080241178759E-18 -1.683746141725834E-16 -2.046570142119482E-17 3.355914148931651E-17 -7.590708350452790E-17 -5.140707566635698E-18 
2.592592592592594E-02 -6.049382716049402E-02 6.913580246913581E-02 4.839506172839508E-01 2.592592592592596E-02 4.705437428587089E-17 2.143452444326845E-16 2.103611146233401E-16 -8.981604115752393E-17 -4.759356682852982E-17 6.714269855494088E-17 2.020465078225260E-16 3.849014663776335E-17 1.034942976530577E-16 2.179537221054246E-17 
-1.111111111111112E-02 2.592592592592590E-02 -2.962962962962962E-02 2.592592592592594E-02 8.888888888888885E-02 8.888888888888882E-02 2.592592592592590E-02 -2.962962962962960E-02 2.592592592592593E-02 -1.111111111111111E-02 -3.121008325296476E-18 1.291759395697082E-18 3.176137487930119E-17 -1.812580107079583E-17 -4.462475230762833E-18 
1.325077048982460E-16 4.075327467102053E-17 -6.455993142421243E-17 3.061648730648747E-17 -9.372411702803108E-18 2.434033877229957E-17 9.100455709864567E-17 1.427188808216529E-17 1.188973333823830E-16 1.527382384194115E-17 2.592592592592614E-02 4.839506172839509E-01 6.913580246913582E-02 -6.049382716049378E-02 2.592592592592589E-02 
-5.123001012766672E-16 -3.234197660069905E-16 -3.317066643173897E-17 -6.873789593780865E-16 -5.917255358076546E-18 1.404041813368728E-17 1.429245333716537E-16 2.871524253943652E-16 -2.007010201067933E-16 -5.326937634133685E-16 -5.061910660381852E-16 -5.915765818966818E-16 1.388601590423271E-15 -3.837071881447305E-17 -5.786639355267539E-16 
3.533041604576115E-17 -3.047714886402393E-16 -7.393666811719356E-17 -2.948508111388281E-17 -1.053385945749973E-16 -4.597017211338539E-17 1.185737783022886E-15 9.929680396824287E-16 1.119552862833522E-16 8.660251751035139E-17 8.941539741672669E-17 -6.173529934471624E-16 -8.457222466348565E-16 2.144376276544727E-16 3.195872801708197E-17 
9.222959419040954E-17 -1.585592247042313E-16 -9.853159949542485E-17 2.013421894005382E-16 5.852574934910161E-17 2.592592592592593E-02 4.839506172839506E-01 6.913580246913596E-02 -6.049382716049397E-02 2.592592592592594E-02 1.107813255183047E-16 2.371237669823300E-16 -4.651674879632964E-17 3.177183385180549E-16 7.902491158408876E-17 
-2.176243053032350E-16 -6.280354613488771E-17 9.386912401303891E-18 -8.776074876438458E-17 1.541229037289034E-17 -3.773023560249555E-17 -1.545244545989125E-16 4.788321934471716E-17 3.712091328184726E-17 -1.014242847832203E-17 -2.962962962962986E-02 6.913580246913559E-02 6.320987654320989E-01 6.913580246913578E-02 -2.962962962962961E-02 
6.469301634146937E-17 -4.276146393761096E-16 -7.118384625889841E-16 4.134359328490486E-16 1.129964352769331E-16 5.074066167232161E-17 -3.443589320021950E-16 5.766450964026651E-16 6.442828908407214E-16 -1.698613229667216E-17 -2.026329617350719E-17 -8.853532471685183E-16 4.268623425779932E-16 2.588131767107743E-16 -8.637507133574445E-17 
3.705478501360999E-17 -6.645369344892226E-17 2.731238831973088E-17 1.028781332309833E-16 -5.647031366289860E-17 -2.962962962962970E-02 6.913580246913571E-02 6.320987654320991E-01 6.913580246913592E-02 -2.962962962962957E-02 1.377767735236399E-17 1.699090856427709E-17 -1.057294945754056E-16 -4.718476748812093E-17 1.674578539931848E-17 
6.073038464976540E-17 -1.779509202592934E-16 4.961103203804526E-17 6.658064341413671E-17 -7.445859117105608E-17 -4.987329993433320E-17 -6.350651152258932E-17 5.750556838490830E-17 1.211232409178952E-16 -7.070609325587980E-17 2.592592592592597E-02 -6.049382716049365E-02 6.913580246913570E-02 4.839506172839508E-01 2.592592592592600E-02 
6.398299116722191E-17 -2.333897913457189E-16 -1.469909619059929E-16 1.325724156460877E-16 -4.865457946590107E-17 2.592592592592590E-02 -6.049382716049385E-02 6.913580246913577E-02 4.839506172839508E-01 2.592592592592585E-02 8.918867772628178E-17 3.803140996324706E-17 -2.537086788982163E-16 -4.170217376968148E-17 -4.815468806818132E-17 
-5.101712894022923E-18 1.690440945431370E-17 -4.289584900015773E-17 -1.753565224267088E-17 1.323124162655052E-17 -1.111111111111111E-02 2.592592592592591E-02 -2.962962962962959E-02 2.592592592592590E-02 8.888888888888884E-02 -1.111111111111111E-02 2.592592592592588E-02 -2.962962962962960E-02 2.592592592592604E-02 8.888888888888884E-02 
% number of plot nodes
45
% plot node coordinates
-1.000000000000000E+00 -1.000000000000000E+00
-7.500000000000000E-01 -1.000000000000000E+00
-5.000000000000000E-01 -1.000000000000000E+00
-2.500000000000000E-01 -1.000000000000000E+00
0.000000000000000E+00 -1.000000000000000E+00
2.500000000000000E-01 -1.000000000000000E+00
5.000000000000000E-01 -1.000000000000000E+00
7.500000000000000E-01 -1.000000000000000E+00
1.000000000000000E+00 -1.000000000000000E+00
-1.000000000000000E+00 -7.500000000000000E-01
-7.500000000000000E-01 -7.500000000000000E-01
-5.000000000000000E-01 -7.500000000000000E-01
-2.500000000000000E-01 -7.500000000000000E-01
0.000000000000000E+00 -7.500000000000000E-01
2.500000000000000E-01 -7.500000000000000E-01
5.000000000000000E-01 -7.500000000000000E-01
7.500000000000000E-01 -7.500000000000000E-01
-1.000000000000000E+00 -5.000000000000000E-01
-7.500000000000000E-01 -5.000000000000000E-01
-5.000000000000000E-01 -5.000000000000000E-01
-2.500000000000000E-01 -5.000000000000000E-01
0.000000000000000E+00 -5.000000000000000E-01
2.500000000000000E-01 -5.000000000000000E-01
5.000000000000000E-01 -5.000000000000000E-01
-1.000000000000000E+00 -2.500000000000000E-01
-7.500000000000000E-01 -2.500000000000000E-01
-5.000000000000000E-01 -2.500000000000000E-01
-2.500000000000000E-01 -2.500000000000000E-01
0.000000000000000E+00 -2.500000000000000E-01
2.500000000000000E-01 -2.500000000000000E-01
-1.000000000000000E+00 0.000000000000000E+00
-7.500000000000000E-01 0.000000000000000E+00
-5.000000000000000E-01 0.000000000000000E+00
-2.500000000000000E-01 0.000000000000000E+00
0.000000000000000E+00 0.000000000000000E+00
-1.000000000000000E+00 2.500000000000000E-01
-7.500000000000000E-01 2.500000000000000E-01
-5.000000000000000E-01 2.500000000000000E-01
-2.500000000000000E-01 2.500000000000000E-01
-1.000000000000000E+00 5.000000000000000E-01
-7.500000000000000E-01 5.000000000000000E-01
-5.000000000000000E-01 5.000000000000000E-01
-1.000000000000000E+00 7.500000000000000E-01
-7.500000000000000E-01 7.500000000000000E-01
-1.000000000000000E+00 1.000000000000000E+00
% plot node interpolation matrix
1.000000000000000E+00 0.000000000000000E+00 0.000000000000000E+00 0.000000000000000E+00 0.000000000000000E+00 0.000000000000000E+00 0.000000000000000E+00 0.000000000000000E+00 0.000000000000000E+00 0.000000000000000E+00 0.000000000000000E+00 0.000000000000000E+00 0.000000000000000E+00 0.000000000000000E+00 0.000000000000000E+00 
1.538085937500001E-01 9.410082208063205E-01 -1.367187500000000E-01 6.387459169367941E-02 -2.197265625000001E-02 -4.312477675032417E-17 3.343142049939198E-17 2.362627604885341E-17 -9.009211582238960E-17 -1.939085482727857E-18 4.864897435648458E-17 -1.968291279072443E-17 -1.880042040172270E-17 -2.889428720804590E-18 7.404128311866587E-18 
-1.171875000000000E-01 8.840317166357948E-01 3.125000000000001E-01 -1.184067166357950E-01 3.906249999999993E-02 -5.680166927770506E-17 8.024700252912256E-17 1.710461397384363E-16 -2.523877104939885E-17 -2.852870049009497E-17 -1.642248116285308E-17 -7.462065289698171E-17 2.391758516694963E-17 3.347703828783048E-17 -2.026302044972839E-17 
-1.000976562499999E-01 4.328909166473718E-01 8.007812499999999E-01 -1.936331041473719E-01 6.005859375000006E-02 4.541488840850431E-17 -9.380705174972731E-17 1.039325397291969E-16 1.815406659579774E-16 7.521040396539792E-17 -1.808995489095413E-16 -1.437380620076619E-17 1.546448887380798E-17 7.035177362887063E-17 -2.876281106273588E-17 
0.000000000000000E+00 0.000000000000000E+00 1.000000000000000E+00 0.000000000000000E+00 0.000000000000000E+00 0.000000000000000E+00 0.000000000000000E+00 0.000000000000000E+00 0.000000000000000E+00 0.000000000000000E+00 0.000000000000000E+00 0.000000000000000E+00 0.000000000000000E+00 0.000000000000000E+00 0.000000000000000E+00 
6.005859375000012E-02 -1.936331041473719E-01 8.007812500000001E-01 4.328909166473722E-01 -1.000976562500001E-01 1.159486643781265E-16 -1.549384784468600E-16 -4.694355715488365E-16 -1.007993645094848E-16 7.066667556006999E-17 2.635487101576041E-18 3.024174388315327E-16 -3.544772331002361E-17 -1.415488365670410E-16 6.377182433448511E-17 
3.906249999999997E-02 -1.184067166357952E-01 3.125000000000005E-01 8.840317166357955E-01 -1.171875000000001E-01 4.005055955909997E-17 -1.407300149479536E-16 -7.864648713731399E-16 -3.066540246935429E-16 2.202216786664045E-17 2.772335764549347E-16 4.073820995918536E-16 -1.112560544872729E-16 -2.650367197991678E-16 1.321860201861521E-16 
-2.197265625000002E-02 6.387459169367911E-02 -1.367187499999996E-01 9.410082208063213E-01 1.538085937499999E-01 -8.384741251215519E-18 8.461991186230562E-17 -9.395772120072845E-16 -3.989468509153239E-16 -6.712616512944181E-17 3.055980247720489E-16 4.874373669333119E-16 -1.122942822949433E-16 -2.792487472061630E-16 1.375907365945334E-16 
0.000000000000000E+00 0.000000000000000E+00 0.000000000000000E+00 0.000000000000000E+00 1.000000000000000E+00 0.000000000000000E+00 0.000000000000000E+00 0.000000000000000E+00 0.000000000000000E+00 0.000000000000000E+00 0.000000000000000E+00 0.000000000000000E+00 0.000000000000000E+00 0.000000000000000E+00 0.000000000000000E+00 
1.538085937500002E-01 -1.024359524871453E-16 -2.723056690611356E-17 1.310711161601969E-16 -1.247135516615104E-16 9.410082208063206E-01 5.113070484568538E-17 2.345888528043660E-17 -2.847230405861502E-17 -1.367187500000001E-01 4.500065795373424E-17 3.574134265814633E-17 6.387459169367939E-02 -1.063734993768224E-16 -2.197265624999996E-02 
-8.204466338294013E-02 3.780745201423978E-01 -1.453426721737653E-01 1.008485466713799E-01 -4.212113352357709E-02 3.780745201423980E-01 6.787889541300097E-01 -1.280762986686493E-01 2.772669873376223E-02 -1.453426721737654E-01 -1.280762986686493E-01 2.103638688983380E-02 1.008485466713799E-01 2.772669873376212E-02 -4.212113352357698E-02 
-5.995669985177948E-02 2.187051257469906E-01 1.223455463770577E-01 -5.852084772402755E-02 2.391214250758379E-02 6.524244033620351E-02 8.623598392837967E-01 5.549458648513769E-02 -1.624588941348342E-02 -1.216739339350759E-01 -2.134604977810823E-01 5.642625128523183E-03 1.132904895713419E-01 5.841852497477540E-02 -5.555345170596182E-02 
2.605262212160991E-02 -3.985048849201851E-02 3.655646556524693E-01 -1.507408778804259E-01 6.399469031535526E-02 -6.184820016001012E-02 7.120857060210924E-01 3.893396049016287E-01 -6.755758289398982E-02 -7.945709709665150E-02 -2.561525973372988E-01 -3.243672347121188E-02 1.066998483105633E-01 8.657605080604168E-02 -6.226961079715415E-02 
6.399469031535523E-02 -1.507408778804257E-01 3.655646556524693E-01 -3.985048849201869E-02 2.605262212161006E-02 -6.755758289399005E-02 3.893396049016289E-01 7.120857060210921E-01 -6.184820016000983E-02 -3.243672347121189E-02 -2.561525973372987E-01 -7.945709709665144E-02 8.657605080604178E-02 1.066998483105631E-01 -6.226961079715419E-02 
2.391214250758386E-02 -5.852084772402757E-02 1.223455463770577E-01 2.187051257469907E-01 -5.995669985177941E-02 -1.624588941348341E-02 5.549458648513765E-02 8.623598392837963E-01 6.524244033620348E-02 5.642625128523057E-03 -2.134604977810821E-01 -1.216739339350758E-01 5.841852497477550E-02 1.132904895713417E-01 -5.555345170596177E-02 
-4.212113352357721E-02 1.008485466713796E-01 -1.453426721737651E-01 3.780745201423982E-01 -8.204466338294031E-02 2.772669873376236E-02 -1.280762986686492E-01 6.787889541300097E-01 3.780745201423976E-01 2.103638688983345E-02 -1.280762986686493E-01 -1.453426721737650E-01 2.772669873376245E-02 1.008485466713796E-01 -4.212113352357705E-02 
1.249000902703301E-16 5.149049694106470E-17 -6.040458340983676E-17 8.738074410679792E-17 1.538085937499998E-01 1.650142723366317E-16 -9.187446709064297E-17 1.051250071655920E-16 9.410082208063205E-01 -6.367672345818291E-17 -7.751115029252327E-17 -1.367187499999998E-01 2.900904844680534E-17 6.387459169367928E-02 -2.197265624999994E-02 
-1.171874999999999E-01 -7.417972584778091E-17 -2.521208490033163E-17 2.184518602669948E-17 -4.115482287427154E-17 8.840317166357951E-01 2.328083653282928E-17 1.089593901264540E-16 -4.371155320815848E-17 3.124999999999997E-01 7.386241479131365E-17 -3.098478060291424E-17 -1.184067166357950E-01 -5.578511507297092E-17 3.906250000000008E-02 
-5.995669985177917E-02 6.524244033620334E-02 -1.216739339350758E-01 1.132904895713418E-01 -5.555345170596184E-02 2.187051257469906E-01 8.623598392837964E-01 -2.134604977810820E-01 5.841852497477533E-02 1.223455463770579E-01 5.549458648513754E-02 5.642625128523122E-03 -5.852084772402753E-02 -1.624588941348358E-02 2.391214250758381E-02 
3.473682949548016E-02 -6.779912576801916E-02 2.407170570387853E-02 -2.936068637990845E-02 1.482192801213405E-02 -6.779912576801914E-02 9.494476080281232E-01 8.879133837622019E-02 -1.922206305863209E-02 2.407170570387860E-02 8.879133837622004E-02 -6.790631294949260E-03 -2.936068637990845E-02 -1.922206305863223E-02 1.482192801213414E-02 
6.596273859803295E-02 -1.264297380832091E-01 1.091119189168631E-01 -1.264297380832093E-01 6.596273859803298E-02 -1.042014010047286E-01 5.840094073524430E-01 5.840094073524436E-01 -1.042014010047285E-01 -9.810645644977264E-03 9.989025567324755E-02 -9.810645644977327E-03 -1.992737676944193E-02 -1.992737676944189E-02 1.179185651365087E-02 
1.482192801213417E-02 -2.936068637990838E-02 2.407170570387844E-02 -6.779912576801930E-02 3.473682949548007E-02 -1.922206305863233E-02 8.879133837622030E-02 9.494476080281233E-01 -6.779912576801898E-02 -6.790631294949404E-03 8.879133837622012E-02 2.407170570387847E-02 -1.922206305863220E-02 -2.936068637990842E-02 1.482192801213414E-02 
-5.555345170596189E-02 1.132904895713418E-01 -1.216739339350760E-01 6.524244033620355E-02 -5.995669985177937E-02 5.841852497477548E-02 -2.134604977810822E-01 8.623598392837967E-01 2.187051257469907E-01 5.642625128523020E-03 5.549458648513760E-02 1.223455463770578E-01 -1.624588941348352E-02 -5.852084772402756E-02 2.391214250758387E-02 
-5.551115123125783E-17 -5.169587100983976E-17 -4.843989622105802E-17 1.966066742402953E-16 -1.171875000000003E-01 1.337820855530605E-16 -3.778780959276137E-17 1.529479527569956E-16 8.840317166357949E-01 -5.775773980029514E-17 -1.110000067292819E-16 3.125000000000001E-01 -1.443481068146300E-16 -1.184067166357950E-01 3.906250000000018E-02 
-1.000976562500000E-01 -7.594750818890712E-19 8.667480476795906E-17 -3.276777904004922E-17 7.351816330892587E-18 4.328909166473719E-01 -2.412232259293551E-16 -3.631979670881797E-17 2.528798312870737E-17 8.007812500000000E-01 2.065097586285726E-16 -2.215958575073650E-17 -1.936331041473719E-01 2.117781622592680E-17 6.005859374999989E-02 
2.605262212161000E-02 -6.184820016001021E-02 -7.945709709665140E-02 1.066998483105631E-01 -6.226961079715407E-02 -3.985048849201885E-02 7.120857060210927E-01 -2.561525973372986E-01 8.657605080604150E-02 3.655646556524694E-01 3.893396049016289E-01 -3.243672347121190E-02 -1.507408778804258E-01 -6.755758289399010E-02 6.399469031535535E-02 
6.596273859803309E-02 -1.042014010047285E-01 -9.810645644977207E-03 -1.992737676944212E-02 1.179185651365097E-02 -1.264297380832095E-01 5.840094073524432E-01 9.989025567324772E-02 -1.992737676944207E-02 1.091119189168633E-01 5.840094073524434E-01 -9.810645644977231E-03 -1.264297380832093E-01 -1.042014010047286E-01 6.596273859803292E-02 
1.179185651365096E-02 -1.992737676944184E-02 -9.810645644977245E-03 -1.042014010047289E-01 6.596273859803307E-02 -1.992737676944214E-02 9.989025567324768E-02 5.840094073524433E-01 -1.264297380832093E-01 -9.810645644977424E-03 5.840094073524434E-01 1.091119189168634E-01 -1.042014010047287E-01 -1.264297380832092E-01 6.596273859803296E-02 
-6.226961079715405E-02 1.066998483105632E-01 -7.945709709665150E-02 -6.184820016001021E-02 2.605262212161003E-02 8.657605080604154E-02 -2.561525973372984E-01 7.120857060210922E-01 -3.985048849201842E-02 -3.243672347121199E-02 3.893396049016288E-01 3.655646556524695E-01 -6.755758289399016E-02 -1.507408778804258E-01 6.399469031535536E-02 
3.053113317719180E-16 -8.481922292802948E-17 9.047729935756066E-17 4.369037205339896E-17 -1.000976562499999E-01 -3.780356472719953E-17 -9.239250890652154E-17 -1.117817566374153E-16 4.328909166473718E-01 2.527723935915207E-16 1.029107913012327E-16 8.007812499999999E-01 -1.355680943751173E-16 -1.936331041473719E-01 6.005859375000006E-02 
-1.110223024625157E-16 -4.287049383618616E-17 4.103419082229798E-17 -7.099685458677332E-17 1.927924411293841E-17 2.606508492826402E-17 4.937013483693013E-17 3.248541374795612E-17 3.279919394398972E-17 1.000000000000000E+00 -8.185554858488627E-17 -5.127485492653982E-17 8.287367201139098E-17 8.229825804849344E-17 -1.110223024625157E-16 
6.399469031535532E-02 -6.755758289398998E-02 -3.243672347121181E-02 8.657605080604151E-02 -6.226961079715412E-02 -1.507408778804258E-01 3.893396049016285E-01 -2.561525973372983E-01 1.066998483105630E-01 3.655646556524693E-01 7.120857060210926E-01 -7.945709709665134E-02 -3.985048849201862E-02 -6.184820016001014E-02 2.605262212160997E-02 
1.482192801213424E-02 -1.922206305863235E-02 -6.790631294949088E-03 -1.922206305863246E-02 1.482192801213414E-02 -2.936068637990868E-02 8.879133837622032E-02 8.879133837622029E-02 -2.936068637990859E-02 2.407170570387851E-02 9.494476080281233E-01 2.407170570387862E-02 -6.779912576801921E-02 -6.779912576801912E-02 3.473682949548006E-02 
-6.226961079715417E-02 8.657605080604162E-02 -3.243672347121192E-02 -6.755758289399018E-02 6.399469031535535E-02 1.066998483105630E-01 -2.561525973372983E-01 3.893396049016287E-01 -1.507408778804258E-01 -7.945709709665157E-02 7.120857060210926E-01 3.655646556524692E-01 -6.184820016001021E-02 -3.985048849201852E-02 2.605262212161011E-02 
