% degree N
1
% number of nodes
3
% node coordinates
-1.000000000000000E+00 -1.000000000000000E+00
1.000000000000000E+00 -1.000000000000000E+00
-1.000000000000000E+00 1.000000000000000E+00
% r collocation differentation matrix
-5.000000000000000E-01 5.000000000000000E-01 0.000000000000000E+00 
-5.000000000000000E-01 5.000000000000000E-01 0.000000000000000E+00 
-5.000000000000000E-01 5.000000000000000E-01 0.000000000000000E+00 
% s collocation differentation matrix
-4.999999999999999E-01 -3.204937810639274E-17 5.000000000000000E-01 
-5.000000000000001E-01 6.409875621278547E-17 5.000000000000000E-01 
-4.999999999999999E-01 -3.204937810639274E-17 5.000000000000000E-01 
% FaceNodes
0 1 
1 2 
0 2 
% LIFT matrix
2.500000000000000E+00 4.999999999999999E-01 -1.500000000000000E+00 -1.500000000000000E+00 2.500000000000000E+00 4.999999999999999E-01 
4.999999999999999E-01 2.500000000000000E+00 2.500000000000000E+00 4.999999999999999E-01 -1.500000000000000E+00 -1.500000000000000E+00 
-1.500000000000000E+00 -1.500000000000000E+00 4.999999999999999E-01 2.500000000000000E+00 4.999999999999999E-01 2.500000000000000E+00 
% number of plot nodes
21
% plot node coordinates
-1.000000000000000E+00 -1.000000000000000E+00
-6.000000000000002E-01 -1.000000000000000E+00
-1.999999999999999E-01 -1.000000000000000E+00
1.999999999999999E-01 -1.000000000000000E+00
6.000000000000002E-01 -1.000000000000000E+00
1.000000000000000E+00 -1.000000000000000E+00
-1.000000000000000E+00 -6.000000000000001E-01
-6.000000000000000E-01 -6.000000000000000E-01
-2.000000000000000E-01 -6.000000000000000E-01
1.999999999999999E-01 -6.000000000000001E-01
6.000000000000003E-01 -6.000000000000001E-01
-1.000000000000000E+00 -1.999999999999999E-01
-6.000000000000000E-01 -1.999999999999999E-01
-2.000000000000000E-01 -2.000000000000000E-01
1.999999999999999E-01 -1.999999999999999E-01
-1.000000000000000E+00 1.999999999999999E-01
-6.000000000000000E-01 1.999999999999999E-01
-1.999999999999999E-01 1.999999999999999E-01
-1.000000000000000E+00 6.000000000000002E-01
-6.000000000000001E-01 6.000000000000002E-01
-1.000000000000000E+00 1.000000000000000E+00
% plot node interpolation matrix
1.000000000000000E+00 0.000000000000000E+00 0.000000000000000E+00 
8.000000000000002E-01 1.999999999999999E-01 0.000000000000000E+00 
6.000000000000000E-01 4.000000000000000E-01 0.000000000000000E+00 
4.000000000000000E-01 6.000000000000000E-01 0.000000000000000E+00 
2.000000000000000E-01 8.000000000000000E-01 0.000000000000000E+00 
0.000000000000000E+00 1.000000000000000E+00 0.000000000000000E+00 
8.000000000000002E-01 -1.281975124255709E-16 2.000000000000000E-01 
6.000000000000000E-01 2.000000000000000E-01 2.000000000000000E-01 
4.000000000000000E-01 4.000000000000000E-01 2.000000000000000E-01 
2.000000000000001E-01 6.000000000000000E-01 2.000000000000000E-01 
-2.220446049250313E-16 8.000000000000003E-01 2.000000000000000E-01 
5.999999999999999E-01 -3.204937810639274E-17 4.000000000000001E-01 
3.999999999999999E-01 2.000000000000000E-01 4.000000000000001E-01 
2.000000000000000E-01 4.000000000000001E-01 4.000000000000000E-01 
-1.110223024625157E-16 6.000000000000000E-01 4.000000000000001E-01 
4.000000000000000E-01 0.000000000000000E+00 6.000000000000000E-01 
2.000000000000000E-01 2.000000000000000E-01 6.000000000000000E-01 
-5.551115123125783E-17 4.000000000000001E-01 6.000000000000000E-01 
1.999999999999999E-01 -6.409875621278547E-17 8.000000000000002E-01 
-2.775557561562891E-17 1.999999999999999E-01 8.000000000000002E-01 
0.000000000000000E+00 0.000000000000000E+00 1.000000000000000E+00 
% number of plot elements
30
% number of vertices per plot elements
3
% triangulation of plot nodes
9 10 14
19 18 16
18 20 6
17 16 13
13 12 8
11 15 6
0 1 6
2 7 1
2 8 7
7 11 6
15 18 6
1 7 6
8 9 13
12 15 11
12 16 15
7 12 11
16 18 15
13 16 12
17 14 19
18 19 20
10 9 4
14 13 9
16 17 19
13 14 17
7 8 12
2 3 8
9 8 3
10 4 5
9 3 4
14 10 19
% number of volume cubature nodes
6
% cubature node coordinates
-8.168475729804580E-01 -8.168475729804580E-01
6.336951459609170E-01 -8.168475729804590E-01
-8.168475729804590E-01 6.336951459609170E-01
-1.081030181680700E-01 -1.081030181680700E-01
-7.837939636638600E-01 -1.081030181680700E-01
-1.081030181680700E-01 -7.837939636638600E-01
% cubature interpolation matrix
8.168475729804580E-01 9.157621350977103E-02 9.157621350977101E-02 
9.157621350977085E-02 8.168475729804586E-01 9.157621350977048E-02 
9.157621350977102E-02 9.157621350977058E-02 8.168475729804584E-01 
1.081030181680699E-01 4.459484909159651E-01 4.459484909159650E-01 
4.459484909159650E-01 1.081030181680700E-01 4.459484909159650E-01 
4.459484909159649E-01 4.459484909159651E-01 1.081030181680700E-01 
% cubature r weak differentiation matrix
-6.597104619319318E-01 -6.597104619319318E-01 -6.597104619319318E-01 -1.340289538068069E+00 -1.340289538068069E+00 -1.340289538068069E+00 
6.597104619319318E-01 6.597104619319318E-01 6.597104619319318E-01 1.340289538068069E+00 1.340289538068069E+00 1.340289538068069E+00 
0.000000000000000E+00 0.000000000000000E+00 0.000000000000000E+00 0.000000000000000E+00 0.000000000000000E+00 0.000000000000000E+00 
% cubature s weak differentiation matrix
-6.597104619319318E-01 -6.597104619319319E-01 -6.597104619319319E-01 -1.340289538068069E+00 -1.340289538068069E+00 -1.340289538068069E+00 
-8.050865154063235E-17 4.635120867056462E-17 -3.822203147023336E-17 9.416864464456167E-17 -7.765314006578233E-17 -7.765314006578233E-17 
6.597104619319319E-01 6.597104619319319E-01 6.597104619319319E-01 1.340289538068069E+00 1.340289538068069E+00 1.340289538068069E+00 
% cubature projection matrix
7.479105484318648E-01 -2.090276587329495E-01 -2.090276587329495E-01 -3.803660804655413E-01 5.252554247497878E-01 5.252554247497879E-01 
-2.090276587329494E-01 7.479105484318657E-01 -2.090276587329501E-01 5.252554247497878E-01 -3.803660804655413E-01 5.252554247497879E-01 
-2.090276587329495E-01 -2.090276587329502E-01 7.479105484318657E-01 5.252554247497879E-01 5.252554247497879E-01 -3.803660804655413E-01 
% number of surface integration nodes per face
3
% surface integration interpolation matrix
8.872983346207417E-01 1.127016653792584E-01 
5.000000000000000E-01 5.000000000000000E-01 
1.127016653792582E-01 8.872983346207418E-01 
8.872983346207417E-01 1.127016653792584E-01 
5.000000000000001E-01 5.000000000000000E-01 
1.127016653792584E-01 8.872983346207417E-01 
1.127016653792584E-01 8.872983346207416E-01 
5.000000000000000E-01 5.000000000000000E-01 
8.872983346207417E-01 1.127016653792583E-01 
% surface integration lift matrix
2.124327782069140E+00 1.333333333333333E+00 -4.576611154024727E-01 -8.333333333333337E-01 -1.333333333333333E+00 -8.333333333333338E-01 -4.576611154024722E-01 1.333333333333333E+00 2.124327782069140E+00 
-4.576611154024722E-01 1.333333333333333E+00 2.124327782069141E+00 2.124327782069140E+00 1.333333333333333E+00 -4.576611154024723E-01 -8.333333333333337E-01 -1.333333333333333E+00 -8.333333333333335E-01 
-8.333333333333337E-01 -1.333333333333333E+00 -8.333333333333337E-01 -4.576611154024722E-01 1.333333333333333E+00 2.124327782069140E+00 2.124327782069139E+00 1.333333333333333E+00 -4.576611154024726E-01 
% Bernstein VDM matrix
1.000000000000000E+00 0.000000000000000E+00 0.000000000000000E+00 
-0.000000000000000E+00 1.000000000000000E+00 0.000000000000000E+00 
-0.000000000000000E+00 0.000000000000000E+00 1.000000000000000E+00 
% inverse Bernstein VDM matrix
1.000000000000000E+00 0.000000000000000E+00 0.000000000000000E+00 
0.000000000000000E+00 1.000000000000000E+00 0.000000000000000E+00 
0.000000000000000E+00 0.000000000000000E+00 1.000000000000000E+00 
% sparse BB D1 matrix ids
0 0 0 
0 0 0 
0 0 0 
% sparse BB D2 matrix ids
1 0 0 
1 0 0 
1 0 0 
% sparse BB D3 matrix ids
2 0 0 
2 0 0 
2 0 0 
% sparse BB D1,D2,D3 matrix values
1.000000000000000E+00 0.000000000000000E+00 0.000000000000000E+00 
1.000000000000000E+00 0.000000000000000E+00 0.000000000000000E+00 
1.000000000000000E+00 0.000000000000000E+00 0.000000000000000E+00 
% BB cubature interpolation matrix
8.168475729804580E-01 9.157621350977102E-02 9.157621350977102E-02 
9.157621350977097E-02 8.168475729804585E-01 9.157621350977052E-02 
9.157621350977097E-02 9.157621350977052E-02 8.168475729804585E-01 
1.081030181680700E-01 4.459484909159650E-01 4.459484909159650E-01 
4.459484909159650E-01 1.081030181680700E-01 4.459484909159650E-01 
4.459484909159650E-01 4.459484909159650E-01 1.081030181680700E-01 
% BB cubature projection matrix
7.479105484318650E-01 -2.090276587329497E-01 -2.090276587329495E-01 -3.803660804655416E-01 5.252554247497877E-01 5.252554247497877E-01 
-2.090276587329497E-01 7.479105484318650E-01 -2.090276587329492E-01 5.252554247497880E-01 -3.803660804655406E-01 5.252554247497870E-01 
-2.090276587329495E-01 -2.090276587329493E-01 7.479105484318646E-01 5.252554247497878E-01 5.252554247497869E-01 -3.803660804655405E-01 
% BB L0 values
0.000000000000000E+00 2.500000000000000E+00 5.000000000000000E-01 
5.000000000000000E-01 2.500000000000000E+00 0.000000000000000E+00 
% BB EL ids
0 2 3 4 
1 2 4 5 
0 1 3 5 
% BB EL values
1.000000000000000E+00 -5.000000000000001E-01 -4.999999999999999E-01 1.000000000000000E+00 
1.000000000000000E+00 1.000000000000000E+00 -5.000000000000001E-01 -4.999999999999999E-01 
-5.000000000000001E-01 -4.999999999999999E-01 1.000000000000000E+00 1.000000000000000E+00 
% BB degree raise ids
0	0
0	0
% BB degree raise values
1.0000000000000000e+00	0.0000000000000000e+00
1.0000000000000000e+00	0.0000000000000000e+00
% BB degree lower matrix
8.3333333333333337e-01	3.3333333333333331e-01	-1.6666666666666666e-01
-1.6666666666666666e-01	3.3333333333333331e-01	8.3333333333333337e-01