% degree N
1
% number of nodes
3
% node coordinates
-1.000000000000000E+00 -1.000000000000000E+00
1.000000000000000E+00 -1.000000000000000E+00
-1.000000000000000E+00 1.000000000000000E+00
% r collocation differentation matrix
-5.000000000000000E-01 5.000000000000000E-01 0.000000000000000E+00 
-5.000000000000000E-01 5.000000000000000E-01 0.000000000000000E+00 
-5.000000000000000E-01 5.000000000000000E-01 0.000000000000000E+00 
% s collocation differentation matrix
-4.999999999999999E-01 -3.204937810639274E-17 5.000000000000000E-01 
-5.000000000000001E-01 6.409875621278547E-17 5.000000000000000E-01 
-4.999999999999999E-01 -3.204937810639274E-17 5.000000000000000E-01 
% reference mass matrix
3.333333333333334E-01 1.666666666666667E-01 1.666666666666667E-01 
1.666666666666668E-01 3.333333333333333E-01 1.666666666666667E-01 
1.666666666666667E-01 1.666666666666667E-01 3.333333333333334E-01 
% FaceNodes
0 1 
1 2 
0 2 
% LIFT matrix
2.500000000000000E+00 5.000000000000003E-01 -1.500000000000000E+00 -1.500000000000000E+00 2.500000000000000E+00 4.999999999999999E-01 
5.000000000000003E-01 2.500000000000000E+00 2.500000000000000E+00 4.999999999999999E-01 -1.500000000000000E+00 -1.500000000000000E+00 
-1.500000000000000E+00 -1.500000000000000E+00 5.000000000000001E-01 2.500000000000000E+00 5.000000000000001E-01 2.500000000000000E+00 
% Face Mass matrix
6.666666666666669E-01 3.333333333333334E-01 6.013708050052932E-17 1.850371707708598E-17 6.666666666666671E-01 3.333333333333335E-01 
3.333333333333336E-01 6.666666666666666E-01 6.666666666666666E-01 3.333333333333334E-01 4.625929269271486E-16 2.960594732333751E-16 
4.625929269271481E-17 -6.476300976980084E-17 3.333333333333334E-01 6.666666666666669E-01 3.333333333333336E-01 6.666666666666670E-01 
% number of plot nodes
21
% plot node coordinates
-1.000000000000000E+00 -1.000000000000000E+00
-6.000000000000002E-01 -1.000000000000000E+00
-1.999999999999999E-01 -1.000000000000000E+00
1.999999999999999E-01 -1.000000000000000E+00
6.000000000000002E-01 -1.000000000000000E+00
1.000000000000000E+00 -1.000000000000000E+00
-1.000000000000000E+00 -6.000000000000001E-01
-6.000000000000000E-01 -6.000000000000000E-01
-2.000000000000000E-01 -6.000000000000000E-01
1.999999999999999E-01 -6.000000000000001E-01
6.000000000000003E-01 -6.000000000000001E-01
-1.000000000000000E+00 -1.999999999999999E-01
-6.000000000000000E-01 -1.999999999999999E-01
-2.000000000000000E-01 -2.000000000000000E-01
1.999999999999999E-01 -1.999999999999999E-01
-1.000000000000000E+00 1.999999999999999E-01
-6.000000000000000E-01 1.999999999999999E-01
-1.999999999999999E-01 1.999999999999999E-01
-1.000000000000000E+00 6.000000000000002E-01
-6.000000000000001E-01 6.000000000000002E-01
-1.000000000000000E+00 1.000000000000000E+00
% plot node interpolation matrix
1.000000000000000E+00 0.000000000000000E+00 0.000000000000000E+00 
8.000000000000002E-01 1.999999999999999E-01 0.000000000000000E+00 
6.000000000000000E-01 4.000000000000000E-01 0.000000000000000E+00 
4.000000000000000E-01 6.000000000000000E-01 0.000000000000000E+00 
2.000000000000000E-01 8.000000000000000E-01 0.000000000000000E+00 
0.000000000000000E+00 1.000000000000000E+00 0.000000000000000E+00 
8.000000000000002E-01 -1.281975124255709E-16 2.000000000000000E-01 
6.000000000000000E-01 2.000000000000000E-01 2.000000000000000E-01 
4.000000000000000E-01 4.000000000000000E-01 2.000000000000000E-01 
2.000000000000001E-01 6.000000000000000E-01 2.000000000000000E-01 
-2.220446049250313E-16 8.000000000000003E-01 2.000000000000000E-01 
5.999999999999999E-01 -3.204937810639274E-17 4.000000000000001E-01 
3.999999999999999E-01 2.000000000000000E-01 4.000000000000001E-01 
2.000000000000000E-01 4.000000000000001E-01 4.000000000000000E-01 
-1.110223024625157E-16 6.000000000000000E-01 4.000000000000001E-01 
4.000000000000000E-01 0.000000000000000E+00 6.000000000000000E-01 
2.000000000000000E-01 2.000000000000000E-01 6.000000000000000E-01 
-5.551115123125783E-17 4.000000000000001E-01 6.000000000000000E-01 
1.999999999999999E-01 -6.409875621278547E-17 8.000000000000002E-01 
-2.775557561562891E-17 1.999999999999999E-01 8.000000000000002E-01 
0.000000000000000E+00 0.000000000000000E+00 1.000000000000000E+00 
% number of plot elements
30
% number of vertices per plot elements
3
% triangulation of plot nodes
9 10 14
19 18 16
18 20 6
17 16 13
13 12 8
11 15 6
0 1 6
2 7 1
2 8 7
7 11 6
15 18 6
1 7 6
8 9 13
12 15 11
12 16 15
7 12 11
16 18 15
13 16 12
17 14 19
18 19 20
10 9 4
14 13 9
16 17 19
13 14 17
7 8 12
2 3 8
9 8 3
10 4 5
9 3 4
14 10 19
% number of volume cubature nodes
6
% cubature node coordinates and weights
-8.168475729804580E-01 -8.168475729804580E-01 2.199034873106440E-01
6.336951459609170E-01 -8.168475729804590E-01 2.199034873106440E-01
-8.168475729804590E-01 6.336951459609170E-01 2.199034873106440E-01
-1.081030181680700E-01 -1.081030181680700E-01 4.467631793560230E-01
-7.837939636638600E-01 -1.081030181680700E-01 4.467631793560230E-01
-1.081030181680700E-01 -7.837939636638600E-01 4.467631793560230E-01
% cubature interpolation matrix
8.168475729804580E-01 9.157621350977103E-02 9.157621350977101E-02 
9.157621350977085E-02 8.168475729804586E-01 9.157621350977048E-02 
9.157621350977102E-02 9.157621350977058E-02 8.168475729804584E-01 
1.081030181680699E-01 4.459484909159651E-01 4.459484909159650E-01 
4.459484909159650E-01 1.081030181680700E-01 4.459484909159650E-01 
4.459484909159649E-01 4.459484909159651E-01 1.081030181680700E-01 
% cubature r weak differentiation matrix
-6.597104619319318E-01 -6.597104619319318E-01 -6.597104619319318E-01 -1.340289538068069E+00 -1.340289538068069E+00 -1.340289538068069E+00 
6.597104619319318E-01 6.597104619319318E-01 6.597104619319318E-01 1.340289538068069E+00 1.340289538068069E+00 1.340289538068069E+00 
0.000000000000000E+00 0.000000000000000E+00 0.000000000000000E+00 0.000000000000000E+00 0.000000000000000E+00 0.000000000000000E+00 
% cubature s weak differentiation matrix
-6.597104619319318E-01 -6.597104619319319E-01 -6.597104619319319E-01 -1.340289538068069E+00 -1.340289538068069E+00 -1.340289538068069E+00 
-8.050865154063235E-17 4.635120867056462E-17 -3.822203147023336E-17 9.416864464456167E-17 -7.765314006578233E-17 -7.765314006578233E-17 
6.597104619319319E-01 6.597104619319319E-01 6.597104619319319E-01 1.340289538068069E+00 1.340289538068069E+00 1.340289538068069E+00 
% cubature projection matrix
7.479105484318648E-01 -2.090276587329495E-01 -2.090276587329495E-01 -3.803660804655413E-01 5.252554247497878E-01 5.252554247497879E-01 
-2.090276587329494E-01 7.479105484318657E-01 -2.090276587329501E-01 5.252554247497878E-01 -3.803660804655413E-01 5.252554247497879E-01 
-2.090276587329495E-01 -2.090276587329502E-01 7.479105484318657E-01 5.252554247497879E-01 5.252554247497879E-01 -3.803660804655413E-01 
% number of surface integration nodes per face
3
% surface integration interpolation matrix
8.872983346207417E-01 1.127016653792584E-01 
5.000000000000000E-01 5.000000000000000E-01 
1.127016653792582E-01 8.872983346207418E-01 
8.872983346207417E-01 1.127016653792584E-01 
5.000000000000001E-01 5.000000000000000E-01 
1.127016653792584E-01 8.872983346207417E-01 
1.127016653792584E-01 8.872983346207416E-01 
5.000000000000000E-01 5.000000000000000E-01 
8.872983346207417E-01 1.127016653792583E-01 
% surface integration lift matrix
2.124327782069140E+00 1.333333333333333E+00 -4.576611154024727E-01 -8.333333333333337E-01 -1.333333333333333E+00 -8.333333333333338E-01 -4.576611154024722E-01 1.333333333333333E+00 2.124327782069140E+00 
-4.576611154024722E-01 1.333333333333333E+00 2.124327782069141E+00 2.124327782069140E+00 1.333333333333333E+00 -4.576611154024723E-01 -8.333333333333337E-01 -1.333333333333333E+00 -8.333333333333335E-01 
-8.333333333333337E-01 -1.333333333333333E+00 -8.333333333333337E-01 -4.576611154024722E-01 1.333333333333333E+00 2.124327782069140E+00 2.124327782069139E+00 1.333333333333333E+00 -4.576611154024726E-01 
% Bernstein VDM matrix
1.000000000000000E+00 0.000000000000000E+00 0.000000000000000E+00 
-0.000000000000000E+00 1.000000000000000E+00 0.000000000000000E+00 
-0.000000000000000E+00 0.000000000000000E+00 1.000000000000000E+00 
% inverse Bernstein VDM matrix
1.000000000000000E+00 0.000000000000000E+00 -0.000000000000000E+00 
0.000000000000000E+00 1.000000000000000E+00 -0.000000000000000E+00 
0.000000000000000E+00 0.000000000000000E+00 1.000000000000000E+00 
% sparse BB D1 matrix ids
0 0 0 
0 0 0 
0 0 0 
% sparse BB D2 matrix ids
1 0 0 
1 0 0 
1 0 0 
% sparse BB D3 matrix ids
2 0 0 
2 0 0 
2 0 0 
% sparse BB D1,D2,D3 matrix values
1.000000000000000E+00 0.000000000000000E+00 0.000000000000000E+00 
1.000000000000000E+00 0.000000000000000E+00 0.000000000000000E+00 
1.000000000000000E+00 0.000000000000000E+00 0.000000000000000E+00 
% BB cubature interpolation matrix
8.168475729804580E-01 9.157621350977102E-02 9.157621350977102E-02 
9.157621350977097E-02 8.168475729804585E-01 9.157621350977052E-02 
9.157621350977097E-02 9.157621350977052E-02 8.168475729804585E-01 
1.081030181680700E-01 4.459484909159650E-01 4.459484909159650E-01 
4.459484909159650E-01 1.081030181680700E-01 4.459484909159650E-01 
4.459484909159650E-01 4.459484909159650E-01 1.081030181680700E-01 
% BB cubature projection matrix
7.479105484318650E-01 -2.090276587329497E-01 -2.090276587329496E-01 -3.803660804655416E-01 5.252554247497877E-01 5.252554247497877E-01 
-2.090276587329496E-01 7.479105484318650E-01 -2.090276587329494E-01 5.252554247497880E-01 -3.803660804655407E-01 5.252554247497871E-01 
-2.090276587329495E-01 -2.090276587329494E-01 7.479105484318648E-01 5.252554247497878E-01 5.252554247497870E-01 -3.803660804655406E-01 
% BB L0 values
2.500000000000000E+00 5.000000000000000E-01 0.000000000000000E+00 
5.000000000000000E-01 2.500000000000000E+00 0.000000000000000E+00 
% BB EL ids
0 2 3 4 
1 2 4 5 
0 1 3 5 
% BB EL values
1.000000000000000E+00 -5.000000000000001E-01 -4.999999999999999E-01 1.000000000000000E+00 
1.000000000000000E+00 1.000000000000000E+00 -5.000000000000001E-01 -4.999999999999999E-01 
-5.000000000000001E-01 -4.999999999999999E-01 1.000000000000000E+00 1.000000000000000E+00 
% stencil size for IPDG OAS NpP
9
% forward matrix [ change of basis for IPDG OAS precon ]
-3.095714832638322E-01 -3.095714832638305E-01 -3.095714832638308E-01 2.350839225264532E-01 2.350839225264554E-01 2.350839225264541E-01 2.350839225264549E-01 2.350839225264548E-01 2.350839225264543E-01 
-2.677787859257952E-01 -2.677787859257947E-01 -2.677787859257951E-01 -2.350839225264550E-01 -2.350839225264544E-01 -2.350839225264547E-01 -2.350839225264548E-01 -2.350839225264544E-01 -2.350839225264550E-01 
1.269800298049705E+00 -6.444326785143909E-01 -6.253676195353154E-01 1.053334684825245E+00 -3.658112692071659E-01 -7.050704777920543E-01 -6.909363041335762E-01 1.056747573340739E+00 -3.482642070331871E-01 
-3.043424767245055E+00 7.611515303416773E-01 2.282273236903380E+00 1.245967862242051E+00 -6.146756329040506E-01 -4.896057276397000E-02 -7.928713232028122E-01 1.407546956106864E+00 -1.197007289478082E+00 
-3.189391508166797E-01 2.822318577482549E+00 -2.503379426665870E+00 4.218965777823592E-01 -1.114348276196459E+00 -1.346387487030764E+00 1.258166758554179E+00 -1.438184823577209E-01 9.244909092484048E-01 
-1.312673097368408E-15 -9.571164882820488E-01 9.571164882820509E-01 -1.713360485501946E-01 -8.809090255663966E-01 -7.095729770162047E-01 7.095729770162058E-01 1.713360485501926E-01 8.809090255663989E-01 
-2.071449298896843E-15 2.362199426381055E-16 -4.006578818348323E-16 1.154700538379251E+00 -1.154700538379252E+00 1.154700538379254E+00 -1.154700538379255E+00 -1.154700538379253E+00 1.154700538379255E+00 
5.759710354982441E-01 -1.484862786124816E-01 -4.274847568857624E-01 4.719114410558816E-01 -1.526218191750232E+00 1.095013025230801E+00 3.255058146783589E-01 1.200712377071867E+00 -1.566924466286677E+00 
1.678020513384631E-04 5.076883051831549E-01 -5.078561072344931E-01 -1.326160930035858E+00 7.363411214568627E-02 1.400696191112840E+00 -1.400282340483891E+00 1.326648228338200E+00 -7.453526107697761E-02 
% diagOp 
2.739077411368530E+01 
2.831448108536886E+00 
6.945465034563509E+00 
4.314414624839516E+01 
4.314414624839511E+01 
6.945465034563490E+00 
2.133333333333332E+01 
1.746594427259684E+01 
1.746594427259685E+01 
% backward matrix [ reverse change of basis for IPDG OAS precon ]
-1.000000000000000E+00 -1.000000000000000E+00 1.000000000000000E+00 -1.000000000000000E+00 -2.856192193730910E-01 -9.959633551656778E-03 -2.319966517463237E-15 3.724130067808494E-01 -1.023122779373857E-01 
-9.999999999999993E-01 -9.999999999999987E-01 -5.000000000000017E-01 4.101697606863245E-01 1.000000000000000E+00 -9.900403664483434E-01 -6.849781128052879E-16 -1.862988060987832E-01 3.679799566064683E-01 
-9.999999999999989E-01 -9.999999999999968E-01 -4.999999999999994E-01 5.898302393136758E-01 -7.143807806269091E-01 1.000000000000000E+00 7.156199645601048E-16 -1.861142006820672E-01 -2.656676786690817E-01 
7.593849409123531E-01 -8.779034594308741E-01 8.308716974656868E-01 4.264001440769404E-01 2.155673708535193E-01 -1.863964706110676E-01 9.999999999999978E-01 5.409860702199888E-01 -9.761662148469418E-01 
7.593849409123573E-01 -8.779034594308732E-01 -2.811762910030456E-01 -2.632491064682651E-01 -4.131699314523041E-01 -9.129943423142129E-01 -9.999999999999964E-01 -1.000000000000000E+00 3.209493385713731E-01 
7.593849409123538E-01 -8.779034594308734E-01 -5.496954064626420E-01 -9.437154173491473E-02 -4.587145478052254E-01 -7.321986973467542E-01 9.999999999999967E-01 4.589869955873230E-01 7.476669669016304E-01 
7.593849409123574E-01 -8.779034594308720E-01 -5.496954064626397E-01 -1.822352287123205E-01 3.797103379567746E-01 7.431482269735481E-01 -9.999999999999970E-01 4.594961567847153E-01 -1.000000000000000E+00 
7.593849409123572E-01 -8.779034594308728E-01 8.308716974656853E-01 4.454843351805861E-01 3.345959349552981E-02 1.698461153406651E-01 -1.000000000000000E+00 5.405038432152822E-01 6.790506614286306E-01 
7.593849409123531E-01 -8.779034594308722E-01 -2.811762910030434E-01 -3.320286023420262E-01 2.431471769517057E-01 9.185951679578217E-01 9.999999999999993E-01 -9.999730658073084E-01 2.284992479453074E-01 
