% degree N
1
% number of nodes
3
% node coordinates
-1.000000000000000E+00 -1.000000000000000E+00
1.000000000000000E+00 -1.000000000000000E+00
-1.000000000000000E+00 1.000000000000000E+00
% r collocation differentation matrix
-5.000000000000001E-01 5.000000000000001E-01 5.233641528945917E-17 
-5.000000000000001E-01 5.000000000000001E-01 5.233641528945917E-17 
-5.000000000000001E-01 5.000000000000001E-01 5.233641528945917E-17 
% s collocation differentation matrix
-5.000000000000000E-01 -0.000000000000000E+00 5.000000000000000E-01 
-5.000000000000001E-01 1.110223024625157E-16 5.000000000000000E-01 
-5.000000000000000E-01 -0.000000000000000E+00 5.000000000000000E-01 
% reference mass matrix
3.333333333333334E-01 1.666666666666667E-01 1.666666666666667E-01 
1.666666666666667E-01 3.333333333333334E-01 1.666666666666667E-01 
1.666666666666667E-01 1.666666666666667E-01 3.333333333333334E-01 
% FaceNodes
0 1 
1 2 
0 2 
% LIFT matrix
2.500000000000000E+00 5.000000000000003E-01 -1.500000000000000E+00 -1.500000000000000E+00 2.500000000000000E+00 4.999999999999999E-01 
5.000000000000003E-01 2.500000000000000E+00 2.500000000000000E+00 4.999999999999999E-01 -1.500000000000000E+00 -1.500000000000000E+00 
-1.500000000000000E+00 -1.500000000000000E+00 5.000000000000001E-01 2.500000000000000E+00 5.000000000000001E-01 2.500000000000000E+00 
% number of plot nodes
21
% plot node coordinates
-1.000000000000000E+00 -1.000000000000000E+00
-6.000000000000002E-01 -1.000000000000000E+00
-1.999999999999999E-01 -1.000000000000000E+00
1.999999999999999E-01 -1.000000000000000E+00
6.000000000000002E-01 -1.000000000000000E+00
1.000000000000000E+00 -1.000000000000000E+00
-1.000000000000000E+00 -6.000000000000001E-01
-6.000000000000000E-01 -6.000000000000000E-01
-2.000000000000000E-01 -6.000000000000000E-01
1.999999999999999E-01 -6.000000000000001E-01
6.000000000000003E-01 -6.000000000000001E-01
-1.000000000000000E+00 -1.999999999999999E-01
-6.000000000000000E-01 -1.999999999999999E-01
-2.000000000000000E-01 -2.000000000000000E-01
1.999999999999999E-01 -1.999999999999999E-01
-1.000000000000000E+00 1.999999999999999E-01
-6.000000000000000E-01 1.999999999999999E-01
-1.999999999999999E-01 1.999999999999999E-01
-1.000000000000000E+00 6.000000000000002E-01
-6.000000000000001E-01 6.000000000000002E-01
-1.000000000000000E+00 1.000000000000000E+00
% plot node interpolation matrix
1.000000000000000E+00 -0.000000000000000E+00 0.000000000000000E+00 
8.000000000000002E-01 1.999999999999998E-01 0.000000000000000E+00 
6.000000000000000E-01 4.000000000000000E-01 0.000000000000000E+00 
4.000000000000001E-01 6.000000000000000E-01 0.000000000000000E+00 
1.999999999999998E-01 8.000000000000000E-01 -1.046728305789183E-16 
-0.000000000000000E+00 1.000000000000000E+00 0.000000000000000E+00 
8.000000000000003E-01 -1.665334536937735E-16 2.000000000000000E-01 
6.000000000000000E-01 2.000000000000000E-01 2.000000000000000E-01 
4.000000000000001E-01 4.000000000000000E-01 2.000000000000000E-01 
2.000000000000001E-01 6.000000000000000E-01 1.999999999999999E-01 
-2.563950248511419E-16 8.000000000000003E-01 1.999999999999999E-01 
6.000000000000000E-01 -0.000000000000000E+00 4.000000000000001E-01 
4.000000000000000E-01 2.000000000000000E-01 4.000000000000001E-01 
1.999999999999999E-01 4.000000000000000E-01 4.000000000000000E-01 
-0.000000000000000E+00 6.000000000000000E-01 4.000000000000001E-01 
4.000000000000001E-01 -0.000000000000000E+00 6.000000000000000E-01 
2.000000000000001E-01 2.000000000000001E-01 6.000000000000000E-01 
1.281975124255709E-16 4.000000000000001E-01 6.000000000000000E-01 
1.999999999999999E-01 -0.000000000000000E+00 8.000000000000002E-01 
-6.409875621278547E-17 2.000000000000000E-01 8.000000000000002E-01 
-0.000000000000000E+00 -0.000000000000000E+00 1.000000000000000E+00 
% number of plot elements
25
% number of vertices per plot elements
3
% triangulation of plot nodes
15 11 12
6 1 0
10 4 5
9 10 14
9 10 4
19 18 20
7 1 2
7 11 12
7 6 11
7 6 1
3 9 4
13 17 14
13 9 14
16 15 18
16 15 12
16 19 17
16 19 18
16 13 12
16 13 17
8 3 9
8 7 2
8 7 12
8 3 2
8 13 12
8 13 9
% number of volume cubature nodes
6
% cubature node coordinates and weights
-8.168475729804580E-01 -8.168475729804580E-01 2.199034873106440E-01
6.336951459609170E-01 -8.168475729804590E-01 2.199034873106440E-01
-8.168475729804590E-01 6.336951459609170E-01 2.199034873106440E-01
-1.081030181680700E-01 -1.081030181680700E-01 4.467631793560230E-01
-7.837939636638600E-01 -1.081030181680700E-01 4.467631793560230E-01
-1.081030181680700E-01 -7.837939636638600E-01 4.467631793560230E-01
% cubature interpolation matrix
8.168475729804580E-01 9.157621350977102E-02 9.157621350977102E-02 
9.157621350977103E-02 8.168475729804586E-01 9.157621350977055E-02 
9.157621350977097E-02 9.157621350977052E-02 8.168475729804585E-01 
1.081030181680699E-01 4.459484909159650E-01 4.459484909159650E-01 
4.459484909159650E-01 1.081030181680699E-01 4.459484909159649E-01 
4.459484909159650E-01 4.459484909159650E-01 1.081030181680700E-01 
% cubature r weak differentiation matrix
-6.597104619319321E-01 -6.597104619319321E-01 -6.597104619319321E-01 -1.340289538068069E+00 -1.340289538068069E+00 -1.340289538068069E+00 
6.597104619319321E-01 6.597104619319321E-01 6.597104619319321E-01 1.340289538068069E+00 1.340289538068069E+00 1.340289538068069E+00 
0.000000000000000E+00 0.000000000000000E+00 0.000000000000000E+00 0.000000000000000E+00 0.000000000000000E+00 0.000000000000000E+00 
% cubature s weak differentiation matrix
-6.597104619319319E-01 -6.597104619319321E-01 -6.597104619319319E-01 -1.340289538068069E+00 -1.340289538068069E+00 -1.340289538068069E+00 
-3.822203147023336E-17 8.863782874096362E-17 4.635120867056462E-17 1.800795369997337E-16 9.416864464456167E-17 9.416864464456167E-17 
6.597104619319319E-01 6.597104619319319E-01 6.597104619319319E-01 1.340289538068069E+00 1.340289538068069E+00 1.340289538068069E+00 
% cubature projection matrix
7.479105484318648E-01 -2.090276587329495E-01 -2.090276587329495E-01 -3.803660804655413E-01 5.252554247497878E-01 5.252554247497879E-01 
-2.090276587329494E-01 7.479105484318657E-01 -2.090276587329501E-01 5.252554247497878E-01 -3.803660804655413E-01 5.252554247497879E-01 
-2.090276587329495E-01 -2.090276587329502E-01 7.479105484318657E-01 5.252554247497879E-01 5.252554247497879E-01 -3.803660804655413E-01 
% number of surface integration nodes per face
3
% surface integration interpolation matrix
8.872983346207417E-01 1.127016653792583E-01 
5.000000000000000E-01 5.000000000000000E-01 
1.127016653792582E-01 8.872983346207418E-01 
8.872983346207417E-01 1.127016653792585E-01 
5.000000000000000E-01 5.000000000000000E-01 
1.127016653792583E-01 8.872983346207417E-01 
1.127016653792585E-01 8.872983346207417E-01 
5.000000000000000E-01 5.000000000000000E-01 
8.872983346207417E-01 1.127016653792583E-01 
% surface integration lift matrix
2.124327782069140E+00 1.333333333333333E+00 -4.576611154024726E-01 -8.333333333333336E-01 -1.333333333333333E+00 -8.333333333333337E-01 -4.576611154024722E-01 1.333333333333333E+00 2.124327782069140E+00 
-4.576611154024723E-01 1.333333333333333E+00 2.124327782069141E+00 2.124327782069140E+00 1.333333333333333E+00 -4.576611154024726E-01 -8.333333333333336E-01 -1.333333333333333E+00 -8.333333333333335E-01 
-8.333333333333337E-01 -1.333333333333333E+00 -8.333333333333337E-01 -4.576611154024721E-01 1.333333333333333E+00 2.124327782069140E+00 2.124327782069140E+00 1.333333333333333E+00 -4.576611154024725E-01 
% Bernstein VDM matrix
1.000000000000000E+00 0.000000000000000E+00 0.000000000000000E+00 
-0.000000000000000E+00 1.000000000000000E+00 0.000000000000000E+00 
-0.000000000000000E+00 0.000000000000000E+00 1.000000000000000E+00 
% inverse Bernstein VDM matrix
1.000000000000000E+00 -0.000000000000000E+00 -0.000000000000000E+00 
-0.000000000000000E+00 1.000000000000000E+00 -0.000000000000000E+00 
-0.000000000000000E+00 0.000000000000000E+00 1.000000000000000E+00 
% sparse BB D1 matrix ids
0 0 0 
0 0 0 
0 0 0 
% sparse BB D2 matrix ids
1 0 0 
1 0 0 
1 0 0 
% sparse BB D3 matrix ids
2 0 0 
2 0 0 
2 0 0 
% sparse BB D1,D2,D3 matrix values
1.000000000000000E+00 0.000000000000000E+00 0.000000000000000E+00 
1.000000000000000E+00 0.000000000000000E+00 0.000000000000000E+00 
1.000000000000000E+00 0.000000000000000E+00 0.000000000000000E+00 
% BB cubature interpolation matrix
8.168475729804580E-01 9.157621350977102E-02 9.157621350977102E-02 
9.157621350977097E-02 8.168475729804585E-01 9.157621350977052E-02 
9.157621350977097E-02 9.157621350977052E-02 8.168475729804585E-01 
1.081030181680700E-01 4.459484909159650E-01 4.459484909159650E-01 
4.459484909159650E-01 1.081030181680700E-01 4.459484909159650E-01 
4.459484909159650E-01 4.459484909159650E-01 1.081030181680700E-01 
% BB cubature projection matrix
7.479105484318649E-01 -2.090276587329497E-01 -2.090276587329497E-01 -3.803660804655415E-01 5.252554247497877E-01 5.252554247497877E-01 
-2.090276587329496E-01 7.479105484318650E-01 -2.090276587329495E-01 5.252554247497880E-01 -3.803660804655407E-01 5.252554247497871E-01 
-2.090276587329495E-01 -2.090276587329494E-01 7.479105484318650E-01 5.252554247497878E-01 5.252554247497871E-01 -3.803660804655407E-01 
% BB L0 values
0.000000000000000E+00 2.500000000000000E+00 5.000000000000000E-01 
5.000000000000000E-01 2.500000000000000E+00 0.000000000000000E+00 
% BB EL ids
0 2 3 4 
1 2 4 5 
0 1 3 5 
% BB EL values
1.000000000000000E+00 -5.000000000000001E-01 -4.999999999999999E-01 1.000000000000000E+00 
1.000000000000000E+00 1.000000000000000E+00 -5.000000000000001E-01 -4.999999999999999E-01 
-5.000000000000001E-01 -4.999999999999999E-01 1.000000000000000E+00 1.000000000000000E+00 
% BB degree raise ids
0	0
0	0
% BB degree raise values
1.0000000000000000e+00	0.0000000000000000e+00
1.0000000000000000e+00	0.0000000000000000e+00
% BB degree lower matrix
8.3333333333333337e-01	3.3333333333333331e-01	-1.6666666666666666e-01
-1.6666666666666666e-01	3.3333333333333331e-01	8.3333333333333337e-01
% stencil size for IPDG OAS NpP
9
% forward matrix [ change of basis for IPDG OAS precon ]
3.095714832638323E-01 3.095714832638308E-01 3.095714832638305E-01 -2.350839225264544E-01 -2.350839225264551E-01 -2.350839225264538E-01 -2.350839225264552E-01 -2.350839225264554E-01 -2.350839225264541E-01 
-2.677787859257940E-01 -2.677787859257945E-01 -2.677787859257950E-01 -2.350839225264545E-01 -2.350839225264545E-01 -2.350839225264549E-01 -2.350839225264542E-01 -2.350839225264545E-01 -2.350839225264546E-01 
3.090024985355061E+00 -1.822624025850354E+00 -1.267400959504706E+00 -1.376561321883384E+00 1.025989635613061E+00 5.631279640477294E-01 2.915938677525982E-01 -1.317583503365660E+00 8.134333578356530E-01 
3.936939992397857E-01 2.259477505982806E+00 -2.653171505222591E+00 8.929190128453271E-02 -8.231771027867844E-01 -1.146826265911135E+00 1.255724691585310E+00 -4.325475887985257E-01 1.057534364626602E+00 
-5.759171795462699E-01 3.825835279427828E-01 1.933336516034856E-01 -1.083413350354516E+00 1.560232630431015E+00 -4.492074541270017E-01 -9.711785607098808E-01 -5.890540697211289E-01 1.532620804481513E+00 
-1.268789695335499E+00 1.031065874894486E+00 2.377238204410108E-01 -9.831922789841281E-01 7.218408947777807E-01 9.915260125672694E-01 4.033697220188438E-01 -1.125210616796626E+00 -8.333733583142036E-03 
-2.929682434597166E-03 -1.148462943897694E+00 1.151392626332293E+00 -2.082859180184634E-01 -1.057544557441170E+00 -8.509061539042601E-01 8.541270198576459E-01 2.034175375835253E-01 1.059192071922722E+00 
-1.572097114076121E-15 8.772030348937898E-16 -1.292168954474452E-15 1.154700538379254E+00 -1.154700538379255E+00 1.154700538379257E+00 -1.154700538379257E+00 -1.154700538379256E+00 1.154700538379256E+00 
2.233229142760822E-11 -4.871291329471636E-01 4.871291329248316E-01 1.272480661008166E+00 -7.107283293962255E-02 -1.343553493827860E+00 1.343553493882944E+00 -1.272480660943310E+00 7.107283281968071E-02 
% diagOp 
2.739077411368530E+01 
2.831448108536886E+00 
4.314414624839517E+01 
4.314414624839512E+01 
1.746594427259684E+01 
6.945465034563497E+00 
6.945465034563497E+00 
2.133333333333333E+01 
1.746594427259685E+01 
% backward matrix [ reverse change of basis for IPDG OAS precon ]
9.999999999999988E-01 -9.999999999999984E-01 1.000000000000000E+00 1.130190789285418E-01 -3.724180221695383E-01 -1.000000000000000E+00 -3.449529895367046E-01 -1.280470778274451E-15 -7.234228039012720E-02 
9.999999999999987E-01 -9.999999999999999E-01 -6.202082618792213E-01 8.869809210714581E-01 1.862090110719635E-01 5.019107824459846E-01 -6.550470104632951E-01 -1.833752494271768E-15 -2.940522889304453E-01 
1.000000000000000E+00 -1.000000000000000E+00 -3.797917381207786E-01 -1.000000000000000E+00 1.862090110975749E-01 4.980892175540147E-01 1.000000000000000E+00 1.152364847971397E-15 3.663945693205731E-01 
-7.593849409123523E-01 -8.779034594308737E-01 -4.487111994994433E-01 5.095120640961653E-02 -5.407522390456759E-01 -8.305296430575310E-01 -4.347489290601084E-01 9.999999999999973E-01 7.575697186311151E-01 
-7.593849409123551E-01 -8.779034594308751E-01 3.436582333753141E-01 -3.275579768568520E-01 9.999999999962645E-01 2.829349332615052E-01 -6.646418838651728E-01 -9.999999999999942E-01 1.460701460194432E-01 
-7.593849409123519E-01 -8.779034594308749E-01 1.970917240644668E-01 -4.457869216228999E-01 -4.592477609543257E-01 5.511119943129464E-01 -4.238781591417493E-01 9.999999999999911E-01 -1.000000000000000E+00 
-7.593849409123579E-01 -8.779034594308743E-01 7.951504638276852E-02 4.770487640442461E-01 -4.592477608836839E-01 5.482788186123345E-01 8.031163067295128E-01 -9.999999999999936E-01 8.215820486055007E-01 
-7.593849409123558E-01 -8.779034594308716E-01 -4.231732797580819E-01 -1.494907871873933E-01 -5.407522391125801E-01 -8.312137518738393E-01 -1.384744228643408E-01 -1.000000000000000E+00 -9.676521946249461E-01 
-7.593849409123524E-01 -8.779034594308747E-01 2.516194754349779E-01 3.948357152132834E-01 1.000000000000000E+00 2.794176487445835E-01 8.586270882018576E-01 9.999999999999978E-01 2.424302813688865E-01 
