% degree N
1
% number of nodes
3
% node coordinates
-1.000000000000000E+00 -1.000000000000000E+00
1.000000000000000E+00 -1.000000000000000E+00
-1.000000000000000E+00 1.000000000000000E+00
% r collocation differentation matrix
-5.000000000000001E-01 5.000000000000001E-01 5.233641528945917E-17 
-5.000000000000001E-01 5.000000000000001E-01 5.233641528945917E-17 
-5.000000000000001E-01 5.000000000000001E-01 5.233641528945917E-17 
% s collocation differentation matrix
-5.000000000000000E-01 -0.000000000000000E+00 5.000000000000000E-01 
-5.000000000000001E-01 1.110223024625157E-16 5.000000000000000E-01 
-5.000000000000000E-01 -0.000000000000000E+00 5.000000000000000E-01 
% reference mass matrix
3.333333333333334E-01 1.666666666666667E-01 1.666666666666667E-01 
1.666666666666667E-01 3.333333333333334E-01 1.666666666666667E-01 
1.666666666666667E-01 1.666666666666667E-01 3.333333333333334E-01 
% FaceNodes
0 1 
1 2 
0 2 
% LIFT matrix
2.500000000000000E+00 5.000000000000004E-01 -1.500000000000000E+00 -1.500000000000000E+00 2.500000000000000E+00 4.999999999999999E-01 
5.000000000000004E-01 2.500000000000000E+00 2.500000000000000E+00 4.999999999999999E-01 -1.500000000000000E+00 -1.500000000000000E+00 
-1.500000000000000E+00 -1.500000000000000E+00 5.000000000000001E-01 2.500000000000000E+00 5.000000000000001E-01 2.500000000000000E+00 
% number of plot nodes
21
% plot node coordinates
-1.000000000000000E+00 -1.000000000000000E+00
-6.000000000000002E-01 -1.000000000000000E+00
-1.999999999999999E-01 -1.000000000000000E+00
1.999999999999999E-01 -1.000000000000000E+00
6.000000000000002E-01 -1.000000000000000E+00
1.000000000000000E+00 -1.000000000000000E+00
-1.000000000000000E+00 -6.000000000000001E-01
-6.000000000000000E-01 -6.000000000000000E-01
-2.000000000000000E-01 -6.000000000000000E-01
1.999999999999999E-01 -6.000000000000001E-01
6.000000000000003E-01 -6.000000000000001E-01
-1.000000000000000E+00 -1.999999999999999E-01
-6.000000000000000E-01 -1.999999999999999E-01
-2.000000000000000E-01 -2.000000000000000E-01
1.999999999999999E-01 -1.999999999999999E-01
-1.000000000000000E+00 1.999999999999999E-01
-6.000000000000000E-01 1.999999999999999E-01
-1.999999999999999E-01 1.999999999999999E-01
-1.000000000000000E+00 6.000000000000002E-01
-6.000000000000001E-01 6.000000000000002E-01
-1.000000000000000E+00 1.000000000000000E+00
% plot node interpolation matrix
1.000000000000000E+00 -0.000000000000000E+00 0.000000000000000E+00 
8.000000000000002E-01 1.999999999999998E-01 0.000000000000000E+00 
6.000000000000000E-01 4.000000000000000E-01 0.000000000000000E+00 
4.000000000000001E-01 6.000000000000000E-01 0.000000000000000E+00 
2.000000000000000E-01 8.000000000000002E-01 -5.233641528945917E-17 
-0.000000000000000E+00 1.000000000000000E+00 0.000000000000000E+00 
8.000000000000003E-01 -1.665334536937735E-16 2.000000000000000E-01 
6.000000000000000E-01 2.000000000000000E-01 2.000000000000000E-01 
4.000000000000001E-01 4.000000000000000E-01 2.000000000000000E-01 
2.000000000000001E-01 6.000000000000000E-01 1.999999999999999E-01 
-2.563950248511419E-16 8.000000000000003E-01 2.000000000000000E-01 
6.000000000000000E-01 -0.000000000000000E+00 4.000000000000001E-01 
4.000000000000000E-01 2.000000000000000E-01 4.000000000000001E-01 
1.999999999999999E-01 4.000000000000000E-01 4.000000000000000E-01 
-0.000000000000000E+00 6.000000000000000E-01 4.000000000000001E-01 
4.000000000000001E-01 -0.000000000000000E+00 6.000000000000000E-01 
2.000000000000001E-01 2.000000000000001E-01 6.000000000000000E-01 
1.281975124255709E-16 4.000000000000001E-01 6.000000000000000E-01 
1.999999999999999E-01 -0.000000000000000E+00 8.000000000000002E-01 
-6.409875621278547E-17 2.000000000000000E-01 8.000000000000002E-01 
-0.000000000000000E+00 -0.000000000000000E+00 1.000000000000000E+00 
% number of plot elements
25
% number of vertices per plot elements
3
% triangulation of plot nodes
15 11 12
6 1 0
10 4 5
9 10 14
9 10 4
19 18 20
7 1 2
7 11 12
7 6 11
7 6 1
3 9 4
13 17 14
13 9 14
16 15 18
16 15 12
16 19 17
16 19 18
16 13 12
16 13 17
8 3 9
8 7 2
8 7 12
8 3 2
8 13 12
8 13 9
% number of volume cubature nodes
6
% cubature node coordinates and weights
-8.168475729804580E-01 -8.168475729804580E-01 2.199034873106440E-01
6.336951459609170E-01 -8.168475729804590E-01 2.199034873106440E-01
-8.168475729804590E-01 6.336951459609170E-01 2.199034873106440E-01
-1.081030181680700E-01 -1.081030181680700E-01 4.467631793560230E-01
-7.837939636638600E-01 -1.081030181680700E-01 4.467631793560230E-01
-1.081030181680700E-01 -7.837939636638600E-01 4.467631793560230E-01
% cubature interpolation matrix
8.168475729804580E-01 9.157621350977102E-02 9.157621350977102E-02 
9.157621350977103E-02 8.168475729804586E-01 9.157621350977051E-02 
9.157621350977109E-02 9.157621350977063E-02 8.168475729804586E-01 
1.081030181680699E-01 4.459484909159650E-01 4.459484909159650E-01 
4.459484909159650E-01 1.081030181680699E-01 4.459484909159649E-01 
4.459484909159650E-01 4.459484909159650E-01 1.081030181680700E-01 
% cubature r weak differentiation matrix
-6.597104619319321E-01 -6.597104619319321E-01 -6.597104619319321E-01 -1.340289538068069E+00 -1.340289538068069E+00 -1.340289538068069E+00 
6.597104619319321E-01 6.597104619319321E-01 6.597104619319321E-01 1.340289538068069E+00 1.340289538068069E+00 1.340289538068069E+00 
0.000000000000000E+00 0.000000000000000E+00 0.000000000000000E+00 0.000000000000000E+00 0.000000000000000E+00 0.000000000000000E+00 
% cubature s weak differentiation matrix
-6.597104619319319E-01 -6.597104619319321E-01 -6.597104619319319E-01 -1.340289538068069E+00 -1.340289538068069E+00 -1.340289538068069E+00 
-4.882838296152858E-17 9.765676592305716E-17 4.882838296152858E-17 1.984027073103181E-16 9.920135365515903E-17 9.920135365515903E-17 
6.597104619319319E-01 6.597104619319319E-01 6.597104619319319E-01 1.340289538068069E+00 1.340289538068069E+00 1.340289538068069E+00 
% cubature projection matrix
7.479105484318648E-01 -2.090276587329495E-01 -2.090276587329495E-01 -3.803660804655413E-01 5.252554247497879E-01 5.252554247497879E-01 
-2.090276587329494E-01 7.479105484318657E-01 -2.090276587329501E-01 5.252554247497879E-01 -3.803660804655413E-01 5.252554247497879E-01 
-2.090276587329495E-01 -2.090276587329502E-01 7.479105484318657E-01 5.252554247497879E-01 5.252554247497879E-01 -3.803660804655413E-01 
% number of surface integration nodes per face
3
% surface integration interpolation matrix
8.872983346207417E-01 1.127016653792583E-01 
5.000000000000000E-01 5.000000000000000E-01 
1.127016653792582E-01 8.872983346207418E-01 
8.872983346207417E-01 1.127016653792584E-01 
5.000000000000000E-01 5.000000000000000E-01 
1.127016653792583E-01 8.872983346207417E-01 
1.127016653792584E-01 8.872983346207416E-01 
5.000000000000000E-01 5.000000000000000E-01 
8.872983346207417E-01 1.127016653792583E-01 
% surface integration lift matrix
2.124327782069140E+00 1.333333333333333E+00 -4.576611154024726E-01 -8.333333333333336E-01 -1.333333333333333E+00 -8.333333333333337E-01 -4.576611154024723E-01 1.333333333333333E+00 2.124327782069140E+00 
-4.576611154024723E-01 1.333333333333333E+00 2.124327782069141E+00 2.124327782069140E+00 1.333333333333333E+00 -4.576611154024726E-01 -8.333333333333336E-01 -1.333333333333333E+00 -8.333333333333335E-01 
-8.333333333333337E-01 -1.333333333333333E+00 -8.333333333333338E-01 -4.576611154024723E-01 1.333333333333333E+00 2.124327782069140E+00 2.124327782069139E+00 1.333333333333333E+00 -4.576611154024725E-01 
% Bernstein VDM matrix
1.000000000000000E+00 0.000000000000000E+00 0.000000000000000E+00 
-0.000000000000000E+00 1.000000000000000E+00 0.000000000000000E+00 
-0.000000000000000E+00 0.000000000000000E+00 1.000000000000000E+00 
% inverse Bernstein VDM matrix
1.000000000000000E+00 -0.000000000000000E+00 -0.000000000000000E+00 
-0.000000000000000E+00 1.000000000000000E+00 -0.000000000000000E+00 
-0.000000000000000E+00 0.000000000000000E+00 1.000000000000000E+00 
% sparse BB D1 matrix ids
0 0 0 
0 0 0 
0 0 0 
% sparse BB D2 matrix ids
1 0 0 
1 0 0 
1 0 0 
% sparse BB D3 matrix ids
2 0 0 
2 0 0 
2 0 0 
% sparse BB D1,D2,D3 matrix values
1.000000000000000E+00 0.000000000000000E+00 0.000000000000000E+00 
1.000000000000000E+00 0.000000000000000E+00 0.000000000000000E+00 
1.000000000000000E+00 0.000000000000000E+00 0.000000000000000E+00 
% BB cubature interpolation matrix
8.168475729804580E-01 9.157621350977102E-02 9.157621350977102E-02 
9.157621350977097E-02 8.168475729804585E-01 9.157621350977052E-02 
9.157621350977097E-02 9.157621350977052E-02 8.168475729804585E-01 
1.081030181680700E-01 4.459484909159650E-01 4.459484909159650E-01 
4.459484909159650E-01 1.081030181680700E-01 4.459484909159650E-01 
4.459484909159650E-01 4.459484909159650E-01 1.081030181680700E-01 
% BB cubature projection matrix
7.479105484318648E-01 -2.090276587329495E-01 -2.090276587329497E-01 -3.803660804655414E-01 5.252554247497876E-01 5.252554247497878E-01 
-2.090276587329495E-01 7.479105484318646E-01 -2.090276587329493E-01 5.252554247497876E-01 -3.803660804655405E-01 5.252554247497869E-01 
-2.090276587329496E-01 -2.090276587329493E-01 7.479105484318650E-01 5.252554247497880E-01 5.252554247497871E-01 -3.803660804655407E-01 
% BB L0 values
0.000000000000000E+00 2.500000000000000E+00 5.000000000000000E-01 
5.000000000000000E-01 2.500000000000000E+00 0.000000000000000E+00 
% BB EL ids
0 2 3 4 
1 2 4 5 
0 1 3 5 
% BB EL values
1.000000000000000E+00 -5.000000000000001E-01 -4.999999999999999E-01 1.000000000000000E+00 
1.000000000000000E+00 1.000000000000000E+00 -5.000000000000001E-01 -4.999999999999999E-01 
-5.000000000000001E-01 -4.999999999999999E-01 1.000000000000000E+00 1.000000000000000E+00 
% BB degree raise ids
0 0 
0 1 
1 0 
% BB degree raise values
9.999999999999999E-01 0.000000000000000E+00 
5.000000000000000E-01 5.000000000000000E-01 
1.000000000000000E+00 0.000000000000000E+00 
% BB degree lower matrix
5.000000000000000E-01 5.000000000000000E-01 
% stencil size for IPDG OAS NpP
9
% forward matrix [ change of basis for IPDG OAS precon ]
3.100438267533473E-01 3.100438267533474E-01 3.100438267533472E-01 2.350556137438791E-01 2.350556137438783E-01 2.350556137438784E-01 2.350556137438783E-01 2.350556137438782E-01 2.350556137438782E-01 
-2.673064424362785E-01 -2.673064424362794E-01 -2.673064424362785E-01 2.350556137438824E-01 2.350556137438748E-01 2.350556137438830E-01 2.350556137438752E-01 2.350556137438755E-01 2.350556137438817E-01 
2.417205588626099E+00 -1.225282036612749E+00 -1.191923552013348E+00 -1.491883116360280E+00 1.196303590866182E+00 3.120251545168129E-01 2.874063104466285E-01 -1.483709901312813E+00 1.179857961843469E+00 
2.173962643051383E-01 1.712545680466844E+00 -1.929941944771983E+00 3.124178432126921E-01 -7.910150848757848E-01 -1.317137814166526E+00 1.371048893059937E+00 -5.800338081841542E-01 1.004719970953837E+00 
1.110223024625157E-16 4.551914400963142E-15 2.771654433741944E-15 1.154700538379254E+00 -1.154700538379259E+00 1.154700538379252E+00 -1.154700538379259E+00 -1.154700538379260E+00 1.154700538379255E+00 
1.379197060879284E+00 -8.185515933166524E-01 -5.606454675626291E-01 8.914792692650887E-01 -2.536067892941800E-01 -8.517763982302101E-01 -7.174003819127209E-01 9.710071712069001E-01 -3.970287103487856E-02 
-7.440964924720905E-06 -1.098870606615507E+00 1.098878047580434E+00 -3.388537796289626E-01 -9.113909934948218E-01 -5.725387963133254E-01 5.725472622459420E-01 3.388437312488785E-01 9.113925759422901E-01 
1.042406269513008E+00 -5.056150726716974E-01 -5.367911968413092E-01 6.893675796460610E-01 -1.323547714425204E+00 6.360333523808644E-01 5.954945720418797E-01 7.280531423833186E-01 -1.325400932026922E+00 
-2.854565610810322E-05 -8.073244973379324E-01 8.073530429940410E-01 1.001784231415804E+00 -4.795476358331830E-02 -1.049811534832502E+00 1.049777810195917E+00 -1.001823046612596E+00 4.802730341669501E-02 
% diagOp 
3.660495942595802E+00 
2.167283739073753E+01 
3.483998403964123E+01 
3.483998403964122E+01 
2.399999999999999E+01 
8.645704921349788E+00 
8.645704921349781E+00 
1.784764437234226E+01 
1.784764437234226E+01 
% backward matrix [ reverse change of basis for IPDG OAS precon ]
9.999999999999993E-01 -9.999999999999957E-01 1.000000000000000E+00 9.158160035536798E-03 1.088726765644047E-15 1.000000000000000E+00 -1.173501461423391E-01 7.870329820605418E-01 1.519599880558978E-02 
1.000000000000000E+00 -1.000000000000000E+00 -5.895251899273984E-01 9.908418399644622E-01 3.322834880955923E-15 -5.000050785822874E-01 -8.826498538576596E-01 -3.935373617976119E-01 -7.697391337664589E-01 
9.999999999999989E-01 -9.999999999999984E-01 -4.104748100726006E-01 -1.000000000000000E+00 4.527235036590149E-15 -4.999949214177125E-01 1.000000000000000E+00 -3.934956202629283E-01 7.545431349608687E-01 
7.581367324912904E-01 8.793488537034206E-01 -6.374373845588871E-01 2.382527812348453E-01 9.999999999999917E-01 6.752052239561132E-01 -3.695024568186714E-01 5.351132675763295E-01 9.560506264649353E-01 
7.581367324912913E-01 8.793488537034003E-01 5.356456636187346E-01 -4.862380861605011E-01 -9.999999999999964E-01 -1.063376972388881E-01 -7.682441528953350E-01 -1.000000000000000E+00 -6.461226115280667E-02 
7.581367324912917E-01 8.793488537034195E-01 1.900630006109499E-01 -7.334935223091038E-01 9.999999999999907E-01 -5.688759509347376E-01 -4.236981961163553E-01 4.648842511612008E-01 -9.820470219568741E-01 
7.581367324912901E-01 8.793488537034022E-01 5.792230431470471E-02 7.357646114180765E-01 -9.999999999999991E-01 -5.688706587792721E-01 5.572129270392455E-01 4.649385283027791E-01 1.000000000000000E+00 
7.581367324912897E-01 8.793488537034027E-01 -5.935679679334411E-01 -2.495265252575734E-01 -1.000000000000000E+00 6.752083560181601E-01 2.110312258560899E-01 5.350614716972170E-01 -9.353877388471931E-01 
7.581367324912901E-01 8.793488537034182E-01 4.473743839479394E-01 4.952407410742575E-01 9.999999999999923E-01 -1.063292730213757E-01 7.932006529350273E-01 -9.999975187375286E-01 2.599639549193801E-02 
% rotated local ids 
0 1 2 
1 2 0 
2 0 1 
% patch inverse matrix 
3.761581247672839E-01 -3.746594868200027E-02 -3.746594868200032E-02 1.835831485418018E-02 1.562330060039417E-01 -2.247956920920025E-02 1.123978460460032E-03 1.123978460460011E-03 -5.245232815480049E-03 1.562330060039415E-01 1.835831485418027E-02 -2.247956920920019E-02 
-3.746594868200028E-02 3.761581247672838E-01 -3.746594868200043E-02 1.562330060039416E-01 1.835831485418031E-02 -2.247956920920021E-02 1.835831485418016E-02 1.562330060039416E-01 -2.247956920920023E-02 1.123978460460080E-03 1.123978460460027E-03 -5.245232815480074E-03 
-3.746594868200035E-02 -3.746594868200041E-02 3.761581247672838E-01 1.123978460460009E-03 1.123978460460037E-03 -5.245232815480062E-03 1.562330060039415E-01 1.835831485418023E-02 -2.247956920920022E-02 1.835831485418019E-02 1.562330060039415E-01 -2.247956920920021E-02 
1.835831485418021E-02 1.562330060039417E-01 1.123978460459989E-03 3.096768802726677E-01 -2.495648470539906E-02 -6.026814133818448E-02 1.669316157942461E-02 6.839617076058520E-02 -1.143752155597735E-02 1.669316157942463E-02 1.094838278151790E-02 -5.692742758070619E-03 
1.562330060039416E-01 1.835831485418032E-02 1.123978460460035E-03 -2.495648470539909E-02 3.096768802726676E-01 -6.026814133818453E-02 1.094838278151790E-02 1.669316157942465E-02 -5.692742758070616E-03 6.839617076058511E-02 1.669316157942465E-02 -1.143752155597733E-02 
-2.247956920920024E-02 -2.247956920920023E-02 -5.245232815480059E-03 -6.026814133818448E-02 -6.026814133818456E-02 2.438304754640521E-01 -5.692742758070614E-03 -1.143752155597734E-02 2.549765951969471E-03 -1.143752155597734E-02 -5.692742758070619E-03 2.549765951969470E-03 
1.123978460460024E-03 1.835831485418021E-02 1.562330060039415E-01 1.669316157942462E-02 1.094838278151791E-02 -5.692742758070618E-03 3.096768802726677E-01 -2.495648470539909E-02 -6.026814133818448E-02 1.669316157942461E-02 6.839617076058510E-02 -1.143752155597733E-02 
1.123978460460002E-03 1.562330060039417E-01 1.835831485418020E-02 6.839617076058518E-02 1.669316157942466E-02 -1.143752155597734E-02 -2.495648470539911E-02 3.096768802726675E-01 -6.026814133818454E-02 1.094838278151790E-02 1.669316157942463E-02 -5.692742758070621E-03 
-5.245232815480047E-03 -2.247956920920026E-02 -2.247956920920022E-02 -1.143752155597735E-02 -5.692742758070621E-03 2.549765951969470E-03 -6.026814133818448E-02 -6.026814133818453E-02 2.438304754640520E-01 -5.692742758070612E-03 -1.143752155597733E-02 2.549765951969469E-03 
1.562330060039417E-01 1.123978460460081E-03 1.835831485418021E-02 1.669316157942463E-02 6.839617076058523E-02 -1.143752155597735E-02 1.669316157942462E-02 1.094838278151791E-02 -5.692742758070616E-03 3.096768802726677E-01 -2.495648470539909E-02 -6.026814133818446E-02 
1.835831485418024E-02 1.123978460460034E-03 1.562330060039415E-01 1.094838278151790E-02 1.669316157942465E-02 -5.692742758070621E-03 6.839617076058511E-02 1.669316157942464E-02 -1.143752155597733E-02 -2.495648470539910E-02 3.096768802726674E-01 -6.026814133818452E-02 
-2.247956920920020E-02 -5.245232815480075E-03 -2.247956920920022E-02 -5.692742758070616E-03 -1.143752155597734E-02 2.549765951969471E-03 -1.143752155597734E-02 -5.692742758070620E-03 2.549765951969470E-03 -6.026814133818445E-02 -6.026814133818452E-02 2.438304754640520E-01 
% degree raising interpolation matrix
6 3
1.000000000000000E+00 -0.000000000000000E+00 0.000000000000000E+00 
5.000000000000000E-01 5.000000000000000E-01 0.000000000000000E+00 
-0.000000000000000E+00 1.000000000000000E+00 0.000000000000000E+00 
5.000000000000000E-01 -0.000000000000000E+00 5.000000000000000E-01 
-0.000000000000000E+00 5.000000000000000E-01 5.000000000000000E-01 
-0.000000000000000E+00 -0.000000000000000E+00 1.000000000000000E+00 
% degree lowering interpolation matrix
1 3
3.333333333333333E-01 3.333333333333334E-01 3.333333333333333E-01 
