% degree N
1
% number of nodes
3
% node coordinates
-1.000000000000000E+00 -1.000000000000000E+00
1.000000000000000E+00 -1.000000000000000E+00
-1.000000000000000E+00 1.000000000000000E+00
% r collocation differentation matrix
-5.000000000000001E-01 5.000000000000001E-01 5.233641528945917E-17 
-5.000000000000001E-01 5.000000000000001E-01 5.233641528945917E-17 
-5.000000000000001E-01 5.000000000000001E-01 5.233641528945917E-17 
% s collocation differentation matrix
-5.000000000000000E-01 -0.000000000000000E+00 5.000000000000000E-01 
-5.000000000000001E-01 1.110223024625157E-16 5.000000000000000E-01 
-5.000000000000000E-01 -0.000000000000000E+00 5.000000000000000E-01 
% reference mass matrix
3.333333333333334E-01 1.666666666666667E-01 1.666666666666667E-01 
1.666666666666667E-01 3.333333333333334E-01 1.666666666666667E-01 
1.666666666666667E-01 1.666666666666667E-01 3.333333333333334E-01 
% FaceNodes
0 1 
1 2 
0 2 
% LIFT matrix
2.500000000000000E+00 5.000000000000004E-01 -1.500000000000000E+00 -1.500000000000000E+00 2.500000000000000E+00 4.999999999999999E-01 
5.000000000000004E-01 2.500000000000000E+00 2.500000000000000E+00 4.999999999999999E-01 -1.500000000000000E+00 -1.500000000000000E+00 
-1.500000000000000E+00 -1.500000000000000E+00 5.000000000000001E-01 2.500000000000000E+00 5.000000000000001E-01 2.500000000000000E+00 
% number of plot nodes
21
% plot node coordinates
-1.000000000000000E+00 -1.000000000000000E+00
-6.000000000000002E-01 -1.000000000000000E+00
-1.999999999999999E-01 -1.000000000000000E+00
1.999999999999999E-01 -1.000000000000000E+00
6.000000000000002E-01 -1.000000000000000E+00
1.000000000000000E+00 -1.000000000000000E+00
-1.000000000000000E+00 -6.000000000000001E-01
-6.000000000000000E-01 -6.000000000000000E-01
-2.000000000000000E-01 -6.000000000000000E-01
1.999999999999999E-01 -6.000000000000001E-01
6.000000000000003E-01 -6.000000000000001E-01
-1.000000000000000E+00 -1.999999999999999E-01
-6.000000000000000E-01 -1.999999999999999E-01
-2.000000000000000E-01 -2.000000000000000E-01
1.999999999999999E-01 -1.999999999999999E-01
-1.000000000000000E+00 1.999999999999999E-01
-6.000000000000000E-01 1.999999999999999E-01
-1.999999999999999E-01 1.999999999999999E-01
-1.000000000000000E+00 6.000000000000002E-01
-6.000000000000001E-01 6.000000000000002E-01
-1.000000000000000E+00 1.000000000000000E+00
% plot node interpolation matrix
1.000000000000000E+00 -0.000000000000000E+00 0.000000000000000E+00 
8.000000000000000E-01 1.999999999999998E-01 0.000000000000000E+00 
6.000000000000000E-01 4.000000000000000E-01 0.000000000000000E+00 
4.000000000000000E-01 6.000000000000000E-01 0.000000000000000E+00 
1.999999999999998E-01 8.000000000000000E-01 -1.046728305789183E-16 
-0.000000000000000E+00 1.000000000000000E+00 0.000000000000000E+00 
8.000000000000002E-01 -1.665334536937735E-16 2.000000000000000E-01 
6.000000000000000E-01 2.000000000000000E-01 2.000000000000000E-01 
4.000000000000000E-01 4.000000000000000E-01 2.000000000000000E-01 
2.000000000000001E-01 6.000000000000000E-01 1.999999999999999E-01 
-2.563950248511419E-16 8.000000000000003E-01 1.999999999999999E-01 
6.000000000000000E-01 -0.000000000000000E+00 4.000000000000001E-01 
4.000000000000000E-01 2.000000000000000E-01 4.000000000000001E-01 
1.999999999999999E-01 4.000000000000000E-01 4.000000000000000E-01 
-0.000000000000000E+00 6.000000000000000E-01 4.000000000000001E-01 
3.999999999999999E-01 -1.110223024625157E-16 5.999999999999999E-01 
2.000000000000000E-01 2.000000000000000E-01 5.999999999999999E-01 
-0.000000000000000E+00 4.000000000000000E-01 5.999999999999999E-01 
1.999999999999999E-01 -0.000000000000000E+00 8.000000000000002E-01 
-6.409875621278547E-17 2.000000000000000E-01 8.000000000000002E-01 
-0.000000000000000E+00 -0.000000000000000E+00 1.000000000000000E+00 
% number of plot elements
25
% number of vertices per plot elements
3
% triangulation of plot nodes
15 11 12
6 1 0
10 4 5
9 10 14
9 10 4
19 18 20
7 1 2
7 11 12
7 6 11
7 6 1
3 9 4
13 17 14
13 9 14
16 15 18
16 15 12
16 19 17
16 19 18
16 13 12
16 13 17
8 3 9
8 7 2
8 7 12
8 3 2
8 13 12
8 13 9
% number of volume cubature nodes
6
% cubature node coordinates and weights
-8.168475729804580E-01 -8.168475729804580E-01 2.199034873106440E-01
6.336951459609170E-01 -8.168475729804590E-01 2.199034873106440E-01
-8.168475729804590E-01 6.336951459609170E-01 2.199034873106440E-01
-1.081030181680700E-01 -1.081030181680700E-01 4.467631793560230E-01
-7.837939636638600E-01 -1.081030181680700E-01 4.467631793560230E-01
-1.081030181680700E-01 -7.837939636638600E-01 4.467631793560230E-01
% cubature interpolation matrix
8.168475729804580E-01 9.157621350977102E-02 9.157621350977102E-02 
9.157621350977103E-02 8.168475729804586E-01 9.157621350977055E-02 
9.157621350977097E-02 9.157621350977052E-02 8.168475729804585E-01 
1.081030181680699E-01 4.459484909159650E-01 4.459484909159650E-01 
4.459484909159649E-01 1.081030181680699E-01 4.459484909159649E-01 
4.459484909159649E-01 4.459484909159650E-01 1.081030181680700E-01 
% cubature r weak differentiation matrix
-6.597104619319321E-01 -6.597104619319321E-01 -6.597104619319321E-01 -1.340289538068069E+00 -1.340289538068069E+00 -1.340289538068069E+00 
6.597104619319321E-01 6.597104619319321E-01 6.597104619319321E-01 1.340289538068069E+00 1.340289538068069E+00 1.340289538068069E+00 
0.000000000000000E+00 0.000000000000000E+00 0.000000000000000E+00 0.000000000000000E+00 0.000000000000000E+00 0.000000000000000E+00 
% cubature s weak differentiation matrix
-6.597104619319319E-01 -6.597104619319321E-01 -6.597104619319319E-01 -1.340289538068069E+00 -1.340289538068069E+00 -1.340289538068069E+00 
-4.882838296152858E-17 9.765676592305716E-17 4.882838296152858E-17 1.984027073103181E-16 9.920135365515903E-17 9.920135365515903E-17 
6.597104619319319E-01 6.597104619319319E-01 6.597104619319319E-01 1.340289538068069E+00 1.340289538068069E+00 1.340289538068069E+00 
% cubature projection matrix
7.479105484318648E-01 -2.090276587329495E-01 -2.090276587329495E-01 -3.803660804655413E-01 5.252554247497879E-01 5.252554247497879E-01 
-2.090276587329494E-01 7.479105484318657E-01 -2.090276587329501E-01 5.252554247497879E-01 -3.803660804655413E-01 5.252554247497879E-01 
-2.090276587329495E-01 -2.090276587329502E-01 7.479105484318657E-01 5.252554247497879E-01 5.252554247497879E-01 -3.803660804655413E-01 
% number of surface integration nodes per face
3
% surface integration interpolation matrix
8.872983346207417E-01 1.127016653792583E-01 
5.000000000000000E-01 5.000000000000000E-01 
1.127016653792582E-01 8.872983346207418E-01 
8.872983346207417E-01 1.127016653792585E-01 
5.000000000000000E-01 5.000000000000000E-01 
1.127016653792582E-01 8.872983346207416E-01 
1.127016653792584E-01 8.872983346207416E-01 
5.000000000000000E-01 5.000000000000000E-01 
8.872983346207417E-01 1.127016653792583E-01 
% surface integration lift matrix
2.124327782069140E+00 1.333333333333333E+00 -4.576611154024726E-01 -8.333333333333336E-01 -1.333333333333333E+00 -8.333333333333337E-01 -4.576611154024723E-01 1.333333333333333E+00 2.124327782069140E+00 
-4.576611154024723E-01 1.333333333333333E+00 2.124327782069141E+00 2.124327782069140E+00 1.333333333333333E+00 -4.576611154024726E-01 -8.333333333333336E-01 -1.333333333333333E+00 -8.333333333333335E-01 
-8.333333333333337E-01 -1.333333333333333E+00 -8.333333333333337E-01 -4.576611154024721E-01 1.333333333333333E+00 2.124327782069140E+00 2.124327782069139E+00 1.333333333333333E+00 -4.576611154024726E-01 
% Bernstein VDM matrix
1.000000000000000E+00 0.000000000000000E+00 0.000000000000000E+00 
-0.000000000000000E+00 1.000000000000000E+00 0.000000000000000E+00 
-0.000000000000000E+00 0.000000000000000E+00 1.000000000000000E+00 
% inverse Bernstein VDM matrix
1.000000000000000E+00 -0.000000000000000E+00 -0.000000000000000E+00 
-0.000000000000000E+00 1.000000000000000E+00 -0.000000000000000E+00 
-0.000000000000000E+00 0.000000000000000E+00 1.000000000000000E+00 
% sparse BB D1 matrix ids
0 0 0 
0 0 0 
0 0 0 
% sparse BB D2 matrix ids
1 0 0 
1 0 0 
1 0 0 
% sparse BB D3 matrix ids
2 0 0 
2 0 0 
2 0 0 
% sparse BB D1,D2,D3 matrix values
1.000000000000000E+00 0.000000000000000E+00 0.000000000000000E+00 
1.000000000000000E+00 0.000000000000000E+00 0.000000000000000E+00 
1.000000000000000E+00 0.000000000000000E+00 0.000000000000000E+00 
% BB cubature interpolation matrix
8.168475729804580E-01 9.157621350977102E-02 9.157621350977102E-02 
9.157621350977097E-02 8.168475729804585E-01 9.157621350977052E-02 
9.157621350977097E-02 9.157621350977052E-02 8.168475729804585E-01 
1.081030181680700E-01 4.459484909159650E-01 4.459484909159650E-01 
4.459484909159650E-01 1.081030181680700E-01 4.459484909159650E-01 
4.459484909159650E-01 4.459484909159650E-01 1.081030181680700E-01 
% BB cubature projection matrix
7.479105484318650E-01 -2.090276587329495E-01 -2.090276587329496E-01 -3.803660804655415E-01 5.252554247497877E-01 5.252554247497877E-01 
-2.090276587329495E-01 7.479105484318646E-01 -2.090276587329493E-01 5.252554247497877E-01 -3.803660804655405E-01 5.252554247497869E-01 
-2.090276587329496E-01 -2.090276587329493E-01 7.479105484318648E-01 5.252554247497879E-01 5.252554247497870E-01 -3.803660804655405E-01 
% BB L0 values
0.000000000000000E+00 2.500000000000000E+00 5.000000000000000E-01 
5.000000000000000E-01 2.500000000000000E+00 0.000000000000000E+00 
% BB EL ids
0 2 3 4 
1 2 4 5 
0 1 3 5 
% BB EL values
1.000000000000000E+00 -5.000000000000001E-01 -4.999999999999999E-01 1.000000000000000E+00 
1.000000000000000E+00 1.000000000000000E+00 -5.000000000000001E-01 -4.999999999999999E-01 
-5.000000000000001E-01 -4.999999999999999E-01 1.000000000000000E+00 1.000000000000000E+00 
% BB degree raise ids
0 0 
0 1 
1 0 
% BB degree raise values
9.999999999999998E-01 0.000000000000000E+00 
5.000000000000000E-01 4.999999999999999E-01 
9.999999999999998E-01 0.000000000000000E+00 
% BB degree lower matrix
5.000000000000000E-01 5.000000000000000E-01 
% stencil size for IPDG OAS NpP
9
% forward matrix [ change of basis for IPDG OAS precon ]
2.677787859257939E-01 2.677787859257953E-01 2.677787859257950E-01 2.350839225264539E-01 2.350839225264550E-01 2.350839225264547E-01 2.350839225264541E-01 2.350839225264547E-01 2.350839225264539E-01 
-1.269800298049705E+00 6.942280121895186E-01 5.755722858601888E-01 -1.044420685523606E+00 4.116418022745106E-01 7.419870115577585E-01 6.540197703678717E-01 -1.065661572642383E+00 3.024336739658458E-01 
3.095714832638315E-01 3.095714832638309E-01 3.095714832638306E-01 -2.350839225264535E-01 -2.350839225264560E-01 -2.350839225264532E-01 -2.350839225264551E-01 -2.350839225264550E-01 -2.350839225264540E-01 
-5.759171795408563E-01 3.474020495790486E-01 2.285151299618080E-01 -9.915121524669024E-01 1.555099602718174E+00 -5.462416796983875E-01 -8.741443351251460E-01 -6.809552675930253E-01 1.537753832165287E+00 
3.127480894462560E+00 -1.489608342240947E+00 -1.637872552221611E+00 -1.355526443041477E+00 9.024798059672861E-01 3.962865878051287E-01 4.687958020475898E-01 -1.371275608014876E+00 9.592398552363458E-01 
-2.262409626699027E-01 2.495797204677030E+00 -2.269556242007127E+00 3.517246010431636E-01 -9.794992234931196E-01 -1.196547622639108E+00 1.133967840612113E+00 -1.544686171189928E-01 8.448230215959432E-01 
1.110223024625157E-16 9.820141551196129E-01 -9.820141551196128E-01 1.757930482010134E-01 9.038242921000714E-01 7.280312438990546E-01 -7.280312438990555E-01 -1.757930482010146E-01 -9.038242921000696E-01 
-4.440892098500618E-16 -1.443289932012704E-15 2.220446049250313E-15 -1.154700538379251E+00 1.154700538379256E+00 -1.154700538379257E+00 1.154700538379253E+00 1.154700538379247E+00 -1.154700538379247E+00 
-7.771561172376096E-16 -4.709721177695829E-01 4.709721177695842E-01 1.230275241615091E+00 -6.871550140199578E-02 -1.298990743017082E+00 1.298990743017084E+00 -1.230275241615092E+00 6.871550140199395E-02 
% diagOp 
2.831448108536888E+00 
6.945465034563505E+00 
2.739077411368531E+01 
1.746594427259685E+01 
4.314414624839517E+01 
4.314414624839512E+01 
6.945465034563490E+00 
2.133333333333330E+01 
1.746594427259685E+01 
% backward matrix [ reverse change of basis for IPDG OAS precon ]
1.000000000000000E+00 -1.000000000000000E+00 1.000000000000000E+00 -3.724180221702321E-01 1.000000000000000E+00 -3.111295135596476E-02 6.041446842223914E-02 7.752672441500843E-16 -4.700451448744327E-02 
9.999999999999992E-01 4.999999999999998E-01 9.999999999999992E-01 1.862090110851164E-01 -4.287856718705747E-01 1.000000000000000E+00 9.395855315777598E-01 -3.082812264823632E-16 -3.180497086468552E-01 
9.999999999999992E-01 4.999999999999994E-01 9.999999999999987E-01 1.862090110851168E-01 -5.712143281294252E-01 -9.688870486440353E-01 -1.000000000000000E+00 1.387416707441560E-15 3.650542231342992E-01 
8.779034594308739E-01 -8.308716974656860E-01 -7.593849409123528E-01 -5.407522390801334E-01 -4.283775940387958E-01 1.181346302492910E-01 2.238019356953029E-01 -9.999999999999979E-01 8.239526900397336E-01 
8.779034594308734E-01 2.811762910030445E-01 -7.593849409123571E-01 9.999999999999941E-01 2.703758435017291E-01 -3.861353477028711E-01 8.755888772299770E-01 9.999999999999971E-01 7.638147537899526E-02 
8.779034594308728E-01 5.496954064626403E-01 -7.593849409123556E-01 -4.592477609198600E-01 1.034757287302350E-01 -4.857491315546574E-01 6.857611738424457E-01 -1.000000000000000E+00 -1.000000000000000E+00 
8.779034594308736E-01 5.496954064626407E-01 -7.593849409123568E-01 -4.592477609198631E-01 1.731310417170002E-01 4.771430785610027E-01 -7.521802853936201E-01 9.999999999999998E-01 8.840726455412201E-01 
8.779034594308750E-01 -8.308716974656847E-01 -7.593849409123536E-01 -5.407522390801397E-01 -4.435068852187290E-01 -9.100773085813098E-02 -1.234085918363578E-01 9.999999999999979E-01 -9.604541209202236E-01 
8.779034594308731E-01 2.811762910030441E-01 -7.593849409123554E-01 1.000000000000000E+00 3.249018653085619E-01 3.676145013053664E-01 -9.095631095377501E-01 -1.000000000000000E+00 1.760473099602748E-01 
