% degree N
1
% number of nodes
3
% node coordinates
-1.000000000000000E+00 -1.000000000000000E+00
1.000000000000000E+00 -1.000000000000000E+00
-1.000000000000000E+00 1.000000000000000E+00
% r collocation differentation matrix
-5.000000000000000E-01 5.000000000000000E-01 0.000000000000000E+00 
-5.000000000000000E-01 5.000000000000000E-01 0.000000000000000E+00 
-5.000000000000000E-01 5.000000000000000E-01 0.000000000000000E+00 
% s collocation differentation matrix
-4.999999999999999E-01 -3.204937810639274E-17 5.000000000000000E-01 
-5.000000000000001E-01 6.409875621278547E-17 5.000000000000000E-01 
-4.999999999999999E-01 -3.204937810639274E-17 5.000000000000000E-01 
% reference mass matrix
3.333333333333334E-01 1.666666666666667E-01 1.666666666666667E-01 
1.666666666666668E-01 3.333333333333333E-01 1.666666666666667E-01 
1.666666666666667E-01 1.666666666666667E-01 3.333333333333334E-01 
% FaceNodes
0 1 
1 2 
0 2 
% LIFT matrix
2.500000000000000E+00 5.000000000000003E-01 -1.500000000000000E+00 -1.500000000000000E+00 2.500000000000000E+00 4.999999999999999E-01 
5.000000000000003E-01 2.500000000000000E+00 2.500000000000000E+00 4.999999999999999E-01 -1.500000000000000E+00 -1.500000000000000E+00 
-1.500000000000000E+00 -1.500000000000000E+00 5.000000000000001E-01 2.500000000000000E+00 5.000000000000001E-01 2.500000000000000E+00 
% number of plot nodes
21
% plot node coordinates
-1.000000000000000E+00 -1.000000000000000E+00
-6.000000000000002E-01 -1.000000000000000E+00
-1.999999999999999E-01 -1.000000000000000E+00
1.999999999999999E-01 -1.000000000000000E+00
6.000000000000002E-01 -1.000000000000000E+00
1.000000000000000E+00 -1.000000000000000E+00
-1.000000000000000E+00 -6.000000000000001E-01
-6.000000000000000E-01 -6.000000000000000E-01
-2.000000000000000E-01 -6.000000000000000E-01
1.999999999999999E-01 -6.000000000000001E-01
6.000000000000003E-01 -6.000000000000001E-01
-1.000000000000000E+00 -1.999999999999999E-01
-6.000000000000000E-01 -1.999999999999999E-01
-2.000000000000000E-01 -2.000000000000000E-01
1.999999999999999E-01 -1.999999999999999E-01
-1.000000000000000E+00 1.999999999999999E-01
-6.000000000000000E-01 1.999999999999999E-01
-1.999999999999999E-01 1.999999999999999E-01
-1.000000000000000E+00 6.000000000000002E-01
-6.000000000000001E-01 6.000000000000002E-01
-1.000000000000000E+00 1.000000000000000E+00
% plot node interpolation matrix
1.000000000000000E+00 0.000000000000000E+00 0.000000000000000E+00 
8.000000000000002E-01 1.999999999999999E-01 0.000000000000000E+00 
6.000000000000000E-01 4.000000000000000E-01 0.000000000000000E+00 
4.000000000000000E-01 6.000000000000000E-01 0.000000000000000E+00 
2.000000000000000E-01 8.000000000000000E-01 0.000000000000000E+00 
0.000000000000000E+00 1.000000000000000E+00 0.000000000000000E+00 
8.000000000000002E-01 -1.281975124255709E-16 2.000000000000000E-01 
6.000000000000000E-01 2.000000000000000E-01 2.000000000000000E-01 
4.000000000000000E-01 4.000000000000000E-01 2.000000000000000E-01 
2.000000000000001E-01 6.000000000000000E-01 2.000000000000000E-01 
-2.220446049250313E-16 8.000000000000003E-01 2.000000000000000E-01 
5.999999999999999E-01 -3.204937810639274E-17 4.000000000000001E-01 
3.999999999999999E-01 2.000000000000000E-01 4.000000000000001E-01 
2.000000000000000E-01 4.000000000000001E-01 4.000000000000000E-01 
-1.110223024625157E-16 6.000000000000000E-01 4.000000000000001E-01 
4.000000000000000E-01 0.000000000000000E+00 6.000000000000000E-01 
2.000000000000000E-01 2.000000000000000E-01 6.000000000000000E-01 
-5.551115123125783E-17 4.000000000000001E-01 6.000000000000000E-01 
1.999999999999999E-01 -6.409875621278547E-17 8.000000000000002E-01 
-2.775557561562891E-17 1.999999999999999E-01 8.000000000000002E-01 
0.000000000000000E+00 0.000000000000000E+00 1.000000000000000E+00 
% number of plot elements
25
% number of vertices per plot elements
3
% triangulation of plot nodes
9 10 14
19 18 16
17 16 13
13 12 8
0 1 6
2 7 1
2 8 7
7 11 6
1 7 6
8 9 13
12 15 11
12 16 15
7 12 11
16 18 15
13 16 12
18 19 20
10 9 4
14 13 9
16 17 19
13 14 17
7 8 12
2 3 8
9 8 3
10 4 5
9 3 4
% number of volume cubature nodes
6
% cubature node coordinates and weights
-8.168475729804580E-01 -8.168475729804580E-01 2.199034873106440E-01
6.336951459609170E-01 -8.168475729804590E-01 2.199034873106440E-01
-8.168475729804590E-01 6.336951459609170E-01 2.199034873106440E-01
-1.081030181680700E-01 -1.081030181680700E-01 4.467631793560230E-01
-7.837939636638600E-01 -1.081030181680700E-01 4.467631793560230E-01
-1.081030181680700E-01 -7.837939636638600E-01 4.467631793560230E-01
% cubature interpolation matrix
8.168475729804580E-01 9.157621350977103E-02 9.157621350977101E-02 
9.157621350977085E-02 8.168475729804586E-01 9.157621350977048E-02 
9.157621350977102E-02 9.157621350977058E-02 8.168475729804584E-01 
1.081030181680699E-01 4.459484909159651E-01 4.459484909159650E-01 
4.459484909159650E-01 1.081030181680700E-01 4.459484909159650E-01 
4.459484909159649E-01 4.459484909159651E-01 1.081030181680700E-01 
% cubature r weak differentiation matrix
-6.597104619319318E-01 -6.597104619319318E-01 -6.597104619319318E-01 -1.340289538068069E+00 -1.340289538068069E+00 -1.340289538068069E+00 
6.597104619319318E-01 6.597104619319318E-01 6.597104619319318E-01 1.340289538068069E+00 1.340289538068069E+00 1.340289538068069E+00 
0.000000000000000E+00 0.000000000000000E+00 0.000000000000000E+00 0.000000000000000E+00 0.000000000000000E+00 0.000000000000000E+00 
% cubature s weak differentiation matrix
-6.597104619319318E-01 -6.597104619319319E-01 -6.597104619319319E-01 -1.340289538068069E+00 -1.340289538068069E+00 -1.340289538068069E+00 
-8.050865154063235E-17 4.635120867056462E-17 -3.822203147023336E-17 9.416864464456167E-17 -7.765314006578233E-17 -7.765314006578233E-17 
6.597104619319319E-01 6.597104619319319E-01 6.597104619319319E-01 1.340289538068069E+00 1.340289538068069E+00 1.340289538068069E+00 
% cubature projection matrix
7.479105484318648E-01 -2.090276587329495E-01 -2.090276587329495E-01 -3.803660804655413E-01 5.252554247497878E-01 5.252554247497879E-01 
-2.090276587329494E-01 7.479105484318657E-01 -2.090276587329501E-01 5.252554247497878E-01 -3.803660804655413E-01 5.252554247497879E-01 
-2.090276587329495E-01 -2.090276587329502E-01 7.479105484318657E-01 5.252554247497879E-01 5.252554247497879E-01 -3.803660804655413E-01 
% number of surface integration nodes per face
3
% surface integration interpolation matrix
8.872983346207417E-01 1.127016653792584E-01 
5.000000000000000E-01 5.000000000000000E-01 
1.127016653792582E-01 8.872983346207418E-01 
8.872983346207417E-01 1.127016653792584E-01 
5.000000000000001E-01 5.000000000000000E-01 
1.127016653792584E-01 8.872983346207417E-01 
1.127016653792584E-01 8.872983346207416E-01 
5.000000000000000E-01 5.000000000000000E-01 
8.872983346207417E-01 1.127016653792583E-01 
% surface integration lift matrix
2.124327782069140E+00 1.333333333333333E+00 -4.576611154024727E-01 -8.333333333333337E-01 -1.333333333333333E+00 -8.333333333333338E-01 -4.576611154024722E-01 1.333333333333333E+00 2.124327782069140E+00 
-4.576611154024722E-01 1.333333333333333E+00 2.124327782069141E+00 2.124327782069140E+00 1.333333333333333E+00 -4.576611154024723E-01 -8.333333333333337E-01 -1.333333333333333E+00 -8.333333333333335E-01 
-8.333333333333337E-01 -1.333333333333333E+00 -8.333333333333337E-01 -4.576611154024722E-01 1.333333333333333E+00 2.124327782069140E+00 2.124327782069139E+00 1.333333333333333E+00 -4.576611154024726E-01 
% Bernstein VDM matrix
1.000000000000000E+00 0.000000000000000E+00 0.000000000000000E+00 
-0.000000000000000E+00 1.000000000000000E+00 0.000000000000000E+00 
-0.000000000000000E+00 0.000000000000000E+00 1.000000000000000E+00 
% inverse Bernstein VDM matrix
1.000000000000000E+00 0.000000000000000E+00 -0.000000000000000E+00 
0.000000000000000E+00 1.000000000000000E+00 -0.000000000000000E+00 
-0.000000000000000E+00 -0.000000000000000E+00 1.000000000000000E+00 
% sparse BB D1 matrix ids
0 0 0 
0 0 0 
0 0 0 
% sparse BB D2 matrix ids
1 0 0 
1 0 0 
1 0 0 
% sparse BB D3 matrix ids
2 0 0 
2 0 0 
2 0 0 
% sparse BB D1,D2,D3 matrix values
1.000000000000000E+00 0.000000000000000E+00 0.000000000000000E+00 
1.000000000000000E+00 0.000000000000000E+00 0.000000000000000E+00 
1.000000000000000E+00 0.000000000000000E+00 0.000000000000000E+00 
% BB cubature interpolation matrix
8.168475729804580E-01 9.157621350977102E-02 9.157621350977102E-02 
9.157621350977097E-02 8.168475729804585E-01 9.157621350977052E-02 
9.157621350977097E-02 9.157621350977052E-02 8.168475729804585E-01 
1.081030181680700E-01 4.459484909159650E-01 4.459484909159650E-01 
4.459484909159650E-01 1.081030181680700E-01 4.459484909159650E-01 
4.459484909159650E-01 4.459484909159650E-01 1.081030181680700E-01 
% BB cubature projection matrix
7.479105484318650E-01 -2.090276587329497E-01 -2.090276587329496E-01 -3.803660804655416E-01 5.252554247497877E-01 5.252554247497877E-01 
-2.090276587329496E-01 7.479105484318650E-01 -2.090276587329494E-01 5.252554247497880E-01 -3.803660804655407E-01 5.252554247497871E-01 
-2.090276587329495E-01 -2.090276587329494E-01 7.479105484318648E-01 5.252554247497878E-01 5.252554247497870E-01 -3.803660804655406E-01 
% BB L0 values
0.000000000000000E+00 2.500000000000000E+00 5.000000000000000E-01 
5.000000000000000E-01 2.500000000000000E+00 0.000000000000000E+00 
% BB EL ids
0 2 3 4 
1 2 4 5 
0 1 3 5 
% BB EL values
1.000000000000000E+00 -5.000000000000001E-01 -4.999999999999999E-01 1.000000000000000E+00 
1.000000000000000E+00 1.000000000000000E+00 -5.000000000000001E-01 -4.999999999999999E-01 
-5.000000000000001E-01 -4.999999999999999E-01 1.000000000000000E+00 1.000000000000000E+00 
% BB degree raise ids
0 0 
0 1 
1 0 
% BB degree raise values
9.999999999999999E-01 0.000000000000000E+00 
5.000000000000001E-01 5.000000000000000E-01 
1.000000000000000E+00 0.000000000000000E+00 
% BB degree lower matrix
5.000000000000000E-01 5.000000000000000E-01 
% stencil size for IPDG OAS NpP
9
% forward matrix [ change of basis for IPDG OAS precon ]
-2.419196538405729E+00 9.114644468659588E-01 1.507732091539769E+00 1.415975704629518E+00 -1.042080302162832E+00 -7.993731053562236E-02 -5.199878807160125E-01 1.562068182878848E+00 -1.336038394093898E+00 
3.100438267533471E-01 3.100438267533471E-01 3.100438267533479E-01 2.350556137438788E-01 2.350556137438783E-01 2.350556137438780E-01 2.350556137438786E-01 2.350556137438785E-01 2.350556137438785E-01 
2.673064424362794E-01 2.673064424362777E-01 2.673064424362794E-01 -2.350556137438800E-01 -2.350556137438768E-01 -2.350556137438805E-01 -2.350556137438772E-01 -2.350556137438780E-01 -2.350556137438801E-01 
-7.737339464508763E-16 1.963464314972738E+00 -1.963464314972737E+00 4.810714958136061E-01 -9.679817926727644E-01 -1.449053288486370E+00 1.449053288486371E+00 -4.810714958136058E-01 9.679817926727631E-01 
-1.397138540933593E+00 5.315663025485948E-01 8.655722383849990E-01 -9.948544445075770E-01 1.005256482247633E-02 7.077817887958585E-01 8.818078494521161E-01 -8.918604142745895E-01 2.870726557117155E-01 
-1.215379733264538E-01 -1.070586402996072E+00 1.192124376322526E+00 -4.309278768179893E-01 -9.254075907003890E-01 -5.203268264413122E-01 6.586062435449960E-01 2.668013471553944E-01 9.512547032592997E-01 
7.367197617915873E-16 2.599172788698268E-15 1.315275753012866E-15 1.154700538379251E+00 -1.154700538379255E+00 1.154700538379252E+00 -1.154700538379255E+00 -1.154700538379254E+00 1.154700538379251E+00 
1.042405469711139E+00 -2.887871934719765E-01 -7.536182762391617E-01 4.203120049203836E-01 -1.310657716269046E+00 9.179768928170536E-01 3.135500866973928E-01 9.971076295716552E-01 -1.338288897737440E+00 
3.526675970585662E-06 9.081429606072488E-01 -9.081464872832180E-01 -1.126888472413631E+00 5.397881015861741E-02 1.180876244513287E+00 -1.180872077999652E+00 1.126893267841041E+00 -5.398777209966401E-02 
% diagOp 
3.483998403964123E+01 
3.660495942595801E+00 
2.167283739073751E+01 
3.483998403964119E+01 
8.645704921349786E+00 
8.645704921349779E+00 
2.399999999999997E+01 
1.784764437234227E+01 
1.784764437234225E+01 
% backward matrix [ reverse change of basis for IPDG OAS precon ]
-1.000000000000000E+00 1.000000000000000E+00 9.999999999999977E-01 -1.518407134081488E-01 -1.000000000000000E+00 1.476131810080432E-01 -9.511693577124765E-17 7.870338512379420E-01 -2.014204276032444E-01 
4.999999999999998E-01 9.999999999999987E-01 9.999999999999967E-01 1.000000000000000E+00 5.805701557865834E-01 -1.000000000000000E+00 3.208201081849840E-15 -3.935192178858010E-01 7.782523249979848E-01 
5.000000000000004E-01 1.000000000000000E+00 1.000000000000000E+00 -8.481592865918508E-01 4.194298442134171E-01 8.523868189919566E-01 7.916360670443775E-16 -3.935146333521405E-01 -5.768318973947389E-01 
6.155026762461635E-01 7.581367324912905E-01 -8.793488537034142E-01 3.198685797291193E-01 -6.503621864318752E-01 -1.859314663320935E-01 9.999999999999943E-01 5.350908049809140E-01 -9.776842323336636E-01 
-4.915100237833371E-01 7.581367324912903E-01 -8.793488537034050E-01 -5.301996190401270E-01 1.731573031651852E-01 -7.838687471409127E-01 -9.999999999999999E-01 -1.000000000000000E+00 2.961988939240474E-01 
-1.239926524628276E-01 7.581367324912899E-01 -8.793488537034178E-01 -7.008057334522091E-01 6.108525193367955E-01 -5.665448328333588E-01 9.999999999999983E-01 4.649089224984074E-01 7.620362728070934E-01 
-1.239926524628281E-01 7.581367324912909E-01 -8.793488537034039E-01 6.631514678375600E-01 5.268940903772125E-01 3.985984365923579E-01 -1.000000000000000E+00 4.649148838360642E-01 -1.000000000000000E+00 
6.155026762461652E-01 7.581367324912907E-01 -8.793488537034054E-01 -1.329518487974331E-01 -7.000513935423975E-01 3.852703105485551E-01 -9.999999999999972E-01 5.350851161639351E-01 7.038011060759540E-01 
-4.915100237833376E-01 7.581367324912904E-01 -8.793488537034158E-01 3.809371537230887E-01 3.950966709507880E-02 7.524762991654518E-01 9.999999999999961E-01 -9.999997274793211E-01 2.156479595265673E-01 
% rotated local ids 
0 1 2 
1 2 0 
2 0 1 
% patch inverse matrix 
3.761581247672837E-01 -3.746594868200028E-02 -3.746594868200038E-02 1.835831485418023E-02 1.562330060039416E-01 -2.247956920920022E-02 1.123978460460023E-03 1.123978460460032E-03 -5.245232815480055E-03 1.562330060039415E-01 1.835831485418020E-02 -2.247956920920022E-02 
-3.746594868200030E-02 3.761581247672838E-01 -3.746594868200036E-02 1.562330060039415E-01 1.835831485418022E-02 -2.247956920920023E-02 1.835831485418020E-02 1.562330060039415E-01 -2.247956920920023E-02 1.123978460460043E-03 1.123978460460027E-03 -5.245232815480061E-03 
-3.746594868200036E-02 -3.746594868200039E-02 3.761581247672839E-01 1.123978460460014E-03 1.123978460460025E-03 -5.245232815480057E-03 1.562330060039416E-01 1.835831485418024E-02 -2.247956920920024E-02 1.835831485418025E-02 1.562330060039415E-01 -2.247956920920023E-02 
1.835831485418024E-02 1.562330060039416E-01 1.123978460460007E-03 3.096768802726677E-01 -2.495648470539910E-02 -6.026814133818453E-02 1.669316157942462E-02 6.839617076058516E-02 -1.143752155597734E-02 1.669316157942463E-02 1.094838278151789E-02 -5.692742758070617E-03 
1.562330060039416E-01 1.835831485418023E-02 1.123978460460013E-03 -2.495648470539911E-02 3.096768802726677E-01 -6.026814133818448E-02 1.094838278151790E-02 1.669316157942463E-02 -5.692742758070616E-03 6.839617076058514E-02 1.669316157942462E-02 -1.143752155597734E-02 
-2.247956920920022E-02 -2.247956920920023E-02 -5.245232815480058E-03 -6.026814133818453E-02 -6.026814133818449E-02 2.438304754640520E-01 -5.692742758070616E-03 -1.143752155597734E-02 2.549765951969471E-03 -1.143752155597733E-02 -5.692742758070615E-03 2.549765951969470E-03 
1.123978460460035E-03 1.835831485418025E-02 1.562330060039415E-01 1.669316157942464E-02 1.094838278151791E-02 -5.692742758070618E-03 3.096768802726677E-01 -2.495648470539905E-02 -6.026814133818453E-02 1.669316157942465E-02 6.839617076058510E-02 -1.143752155597734E-02 
1.123978460460022E-03 1.562330060039415E-01 1.835831485418024E-02 6.839617076058509E-02 1.669316157942462E-02 -1.143752155597733E-02 -2.495648470539907E-02 3.096768802726675E-01 -6.026814133818451E-02 1.094838278151790E-02 1.669316157942463E-02 -5.692742758070615E-03 
-5.245232815480055E-03 -2.247956920920022E-02 -2.247956920920022E-02 -1.143752155597733E-02 -5.692742758070614E-03 2.549765951969469E-03 -6.026814133818450E-02 -6.026814133818449E-02 2.438304754640519E-01 -5.692742758070616E-03 -1.143752155597733E-02 2.549765951969470E-03 
1.562330060039416E-01 1.123978460460051E-03 1.835831485418024E-02 1.669316157942463E-02 6.839617076058516E-02 -1.143752155597734E-02 1.669316157942464E-02 1.094838278151791E-02 -5.692742758070619E-03 3.096768802726677E-01 -2.495648470539908E-02 -6.026814133818453E-02 
1.835831485418023E-02 1.123978460460031E-03 1.562330060039415E-01 1.094838278151790E-02 1.669316157942464E-02 -5.692742758070616E-03 6.839617076058509E-02 1.669316157942463E-02 -1.143752155597734E-02 -2.495648470539905E-02 3.096768802726675E-01 -6.026814133818451E-02 
-2.247956920920022E-02 -5.245232815480060E-03 -2.247956920920023E-02 -5.692742758070617E-03 -1.143752155597734E-02 2.549765951969470E-03 -1.143752155597734E-02 -5.692742758070618E-03 2.549765951969471E-03 -6.026814133818453E-02 -6.026814133818451E-02 2.438304754640520E-01 
% degree raising interpolation matrix
6 3
1.000000000000000E+00 0.000000000000000E+00 0.000000000000000E+00 
5.000000000000000E-01 5.000000000000000E-01 0.000000000000000E+00 
0.000000000000000E+00 1.000000000000000E+00 0.000000000000000E+00 
5.000000000000000E-01 0.000000000000000E+00 5.000000000000000E-01 
-1.110223024625157E-16 5.000000000000001E-01 5.000000000000000E-01 
0.000000000000000E+00 0.000000000000000E+00 1.000000000000000E+00 
% degree lowering interpolation matrix
1 3
3.333333333333334E-01 3.333333333333334E-01 3.333333333333333E-01 
% number of FEM points 
7
% SEMFEM rs coordinates
-1.000000000000000E+00 -1.000000000000000E+00
0.000000000000000E+00 -1.000000000000000E+00
1.000000000000000E+00 -1.000000000000000E+00
-1.000000000000000E+00 0.000000000000000E+00
0.000000000000000E+00 0.000000000000000E+00
-1.000000000000000E+00 1.000000000000000E+00
-3.333333333333334E-01 -3.333333333333335E-01
% number of reference FEM elements 
6
% SEMFEM reference EToV 
4 3 6
3 0 1
4 5 3
1 4 6
3 1 6
1 2 4
% SEM to FEM interpolation matrix
6.761904761904763E-01 -1.238095238095238E-01 -1.238095238095238E-01 
2.761904761904762E-01 2.761904761904762E-01 -1.238095238095238E-01 
-1.238095238095238E-01 6.761904761904762E-01 -1.238095238095238E-01 
2.761904761904762E-01 -1.238095238095238E-01 2.761904761904762E-01 
-1.238095238095239E-01 2.761904761904763E-01 2.761904761904762E-01 
-1.238095238095238E-01 -1.238095238095238E-01 6.761904761904761E-01 
1.428571428571431E-01 1.428571428571427E-01 1.428571428571428E-01 
