******************************************
Nodal r-coordinates
6 1
-1.000000000000000 
0.000000000000000 
1.000000000000000 
-1.000000000000000 
0.000000000000000 
-1.000000000000000 
******************************************
Nodal s-coordinates
6 1
-1.000000000000000 
-1.000000000000000 
-1.000000000000000 
0.000000000000000 
0.000000000000000 
1.000000000000000 
******************************************
Nodal Dr differentiation matrix
6 6
-1.500000000000000 2.000000000000000 -0.500000000000000 -0.000000000000000 0.000000000000000 0.000000000000000 
-0.500000000000000 0.000000000000000 0.500000000000000 -0.000000000000000 0.000000000000000 0.000000000000000 
0.500000000000000 -2.000000000000000 1.500000000000000 -0.000000000000000 0.000000000000000 0.000000000000000 
-0.500000000000000 1.000000000000000 -0.500000000000000 -1.000000000000000 1.000000000000000 0.000000000000000 
0.500000000000000 -1.000000000000000 0.500000000000000 -1.000000000000000 1.000000000000000 0.000000000000000 
0.500000000000000 0.000000000000000 -0.500000000000000 -2.000000000000000 2.000000000000000 0.000000000000000 
******************************************
Nodal Ds differentiation matrix
6 6
-1.500000000000000 0.000000000000000 0.000000000000000 2.000000000000000 -0.000000000000000 -0.500000000000000 
-0.500000000000000 -1.000000000000000 0.000000000000000 1.000000000000000 1.000000000000000 -0.500000000000000 
0.500000000000000 -2.000000000000000 -0.000000000000000 -0.000000000000000 2.000000000000000 -0.500000000000000 
-0.500000000000000 -0.000000000000000 0.000000000000000 -0.000000000000000 -0.000000000000000 0.500000000000000 
0.500000000000000 -1.000000000000000 -0.000000000000000 -1.000000000000000 1.000000000000000 0.500000000000000 
0.500000000000000 -0.000000000000000 0.000000000000000 -2.000000000000000 -0.000000000000000 1.500000000000000 
******************************************
Nodal Mass Matrix
6 6
0.066666666666667 -0.000000000000000 -0.011111111111111 -0.000000000000000 -0.044444444444444 -0.011111111111111 
0.000000000000000 0.355555555555556 0.000000000000000 0.177777777777778 0.177777777777778 -0.044444444444444 
-0.011111111111111 0.000000000000000 0.066666666666667 -0.044444444444444 0.000000000000000 -0.011111111111111 
0.000000000000000 0.177777777777778 -0.044444444444444 0.355555555555556 0.177777777777778 0.000000000000000 
-0.044444444444444 0.177777777777778 0.000000000000000 0.177777777777778 0.355555555555556 0.000000000000000 
-0.011111111111111 -0.044444444444444 -0.011111111111111 -0.000000000000000 -0.000000000000000 0.066666666666667 
******************************************
Nodal Face nodes
3 3
0 1 2 
2 4 5 
0 3 5 
******************************************
Nodal Lift Matrix
6 9
4.500000000000002 2.000000000000004 -0.500000000000000 1.000000000000002 4.000000000000003 1.000000000000000 4.500000000000002 2.000000000000003 -0.500000000000001 
0.500000000000001 5.000000000000004 0.500000000000000 -0.625000000000001 -1.500000000000001 0.625000000000000 -0.625000000000001 -1.500000000000001 0.625000000000000 
-0.500000000000000 2.000000000000004 4.500000000000001 4.500000000000002 2.000000000000003 -0.500000000000001 1.000000000000002 4.000000000000003 1.000000000000000 
-0.625000000000001 -1.500000000000001 0.625000000000000 0.625000000000000 -1.499999999999999 -0.625000000000000 0.500000000000000 5.000000000000003 0.500000000000000 
0.625000000000000 -1.500000000000001 -0.625000000000000 0.500000000000000 5.000000000000003 0.500000000000000 0.625000000000000 -1.499999999999999 -0.625000000000000 
1.000000000000001 4.000000000000004 1.000000000000001 -0.500000000000000 2.000000000000001 4.500000000000000 -0.500000000000000 2.000000000000001 4.500000000000000 
******************************************
Plotting r-coordinates
28 1
-1.000000000000000 
-0.666666666666667 
-0.333333333333333 
0.000000000000000 
0.333333333333333 
0.666666666666667 
1.000000000000000 
-1.000000000000000 
-0.666666666666667 
-0.333333333333333 
0.000000000000000 
0.333333333333333 
0.666666666666667 
-1.000000000000000 
-0.666666666666667 
-0.333333333333333 
-0.000000000000000 
0.333333333333333 
-1.000000000000000 
-0.666666666666667 
-0.333333333333333 
0.000000000000000 
-1.000000000000000 
-0.666666666666667 
-0.333333333333333 
-1.000000000000000 
-0.666666666666667 
-1.000000000000000 
******************************************
Plotting s-coordinates
28 1
-1.000000000000000 
-1.000000000000000 
-1.000000000000000 
-1.000000000000000 
-1.000000000000000 
-1.000000000000000 
-1.000000000000000 
-0.666666666666667 
-0.666666666666667 
-0.666666666666667 
-0.666666666666667 
-0.666666666666667 
-0.666666666666667 
-0.333333333333333 
-0.333333333333333 
-0.333333333333333 
-0.333333333333333 
-0.333333333333333 
0.000000000000000 
0.000000000000000 
0.000000000000000 
0.000000000000000 
0.333333333333333 
0.333333333333333 
0.333333333333333 
0.666666666666667 
0.666666666666667 
1.000000000000000 
******************************************
Plotting Interpolation Matrix
28 6
1.000000000000000 -0.000000000000000 -0.000000000000000 0.000000000000000 -0.000000000000000 0.000000000000000 
0.555555555555556 0.555555555555555 -0.111111111111111 0.000000000000000 -0.000000000000000 0.000000000000000 
0.222222222222222 0.888888888888889 -0.111111111111111 0.000000000000000 -0.000000000000000 0.000000000000000 
0.000000000000000 1.000000000000000 0.000000000000000 -0.000000000000000 -0.000000000000000 0.000000000000000 
-0.111111111111111 0.888888888888889 0.222222222222222 -0.000000000000000 -0.000000000000000 0.000000000000000 
-0.111111111111111 0.555555555555555 0.555555555555556 -0.000000000000000 -0.000000000000000 0.000000000000000 
0.000000000000000 0.000000000000000 1.000000000000000 -0.000000000000000 0.000000000000000 0.000000000000000 
0.555555555555556 0.000000000000000 -0.000000000000000 0.555555555555556 0.000000000000000 -0.111111111111111 
0.222222222222222 0.444444444444445 -0.111111111111111 0.444444444444444 0.111111111111111 -0.111111111111111 
0.000000000000000 0.666666666666667 -0.111111111111111 0.333333333333333 0.222222222222222 -0.111111111111111 
-0.111111111111111 0.666666666666667 0.000000000000000 0.222222222222222 0.333333333333333 -0.111111111111111 
-0.111111111111111 0.444444444444445 0.222222222222222 0.111111111111111 0.444444444444444 -0.111111111111111 
-0.000000000000000 -0.000000000000000 0.555555555555556 0.000000000000000 0.555555555555555 -0.111111111111111 
0.222222222222222 0.000000000000000 -0.000000000000000 0.888888888888889 0.000000000000000 -0.111111111111111 
0.000000000000000 0.333333333333333 -0.111111111111111 0.666666666666667 0.222222222222222 -0.111111111111111 
-0.111111111111111 0.444444444444445 -0.111111111111111 0.444444444444444 0.444444444444444 -0.111111111111111 
-0.111111111111111 0.333333333333334 0.000000000000000 0.222222222222222 0.666666666666667 -0.111111111111111 
-0.000000000000000 0.000000000000000 0.222222222222222 0.000000000000000 0.888888888888889 -0.111111111111111 
0.000000000000000 0.000000000000000 -0.000000000000000 1.000000000000000 0.000000000000000 0.000000000000000 
-0.111111111111111 0.222222222222222 -0.111111111111111 0.666666666666667 0.333333333333333 -0.000000000000000 
-0.111111111111111 0.222222222222222 -0.111111111111111 0.333333333333333 0.666666666666667 0.000000000000000 
0.000000000000000 0.000000000000000 -0.000000000000000 -0.000000000000000 1.000000000000000 0.000000000000000 
-0.111111111111111 -0.000000000000000 -0.000000000000000 0.888888888888889 -0.000000000000000 0.222222222222222 
-0.111111111111111 0.111111111111111 -0.111111111111111 0.444444444444445 0.444444444444444 0.222222222222222 
-0.000000000000000 0.000000000000000 -0.111111111111111 0.000000000000000 0.888888888888889 0.222222222222222 
-0.111111111111111 -0.000000000000000 0.000000000000000 0.555555555555555 -0.000000000000000 0.555555555555556 
-0.000000000000000 -0.000000000000000 -0.111111111111111 -0.000000000000000 0.555555555555555 0.555555555555556 
0.000000000000000 0.000000000000000 -0.000000000000000 -0.000000000000000 0.000000000000000 1.000000000000000 
******************************************
Plotting triangulation
36 3
17 16 21 
17 16 11 
2 9 3 
2 9 8 
22 19 23 
22 19 18 
4 5 11 
12 5 6 
12 17 11 
12 5 11 
1 2 8 
20 16 21 
20 16 15 
20 19 15 
20 19 23 
14 9 15 
14 13 8 
14 9 8 
14 13 18 
14 19 15 
14 19 18 
25 26 27 
25 26 23 
25 22 23 
10 16 15 
10 16 11 
10 9 3 
10 9 15 
10 4 3 
10 4 11 
7 13 8 
7 1 0 
7 1 8 
24 26 23 
24 20 21 
24 20 23 
******************************************
Cubature r-coordinates
12 1
-0.501426509658179 
0.002853019316358 
-0.501426509658179 
-0.873821971016996 
0.747643942033991 
-0.873821971016996 
-0.379295097932431 
-0.893709900310366 
0.273004998242797 
-0.893709900310366 
0.273004998242797 
-0.379295097932431 
******************************************
Cubature s-coordinates
12 1
-0.501426509658179 
-0.501426509658179 
0.002853019316358 
-0.873821971016996 
-0.873821971016996 
0.747643942033991 
-0.893709900310366 
-0.379295097932431 
-0.893709900310366 
0.273004998242797 
-0.379295097932431 
0.273004998242797 
******************************************
Cubature weights
12 1
0.233572551452759 
0.233572551452759 
0.233572551452759 
0.101689812740414 
0.101689812740414 
0.101689812740414 
0.165702151236747 
0.165702151236747 
0.165702151236747 
0.165702151236747 
0.165702151236747 
0.165702151236747 
******************************************
Cubature Interpolation Matrix
12 6
0.001430579517789 0.499995930140390 -0.124998982535098 0.499995930140390 0.248575525271626 -0.124998982535098 
-0.124998982535098 0.499995930140390 0.001430579517789 0.248575525271626 0.499995930140390 -0.124998982535098 
-0.124998982535098 0.248575525271626 -0.124998982535098 0.499995930140390 0.499995930140390 0.001430579517789 
0.653307703047060 0.220514267969936 -0.055128566992484 0.220514267969937 0.015920894998036 -0.055128566992484 
-0.055128566992484 0.220514267969938 0.653307703047058 0.015920894998036 0.220514267969936 -0.055128566992484 
-0.055128566992484 0.015920894998036 -0.055128566992484 0.220514267969938 0.220514267969936 0.653307703047058 
0.173768363654173 0.790160442765821 -0.117715163308429 0.135307828168629 0.065974785918606 -0.047496257198801 
0.173768363654173 0.135307828168629 -0.047496257198801 0.790160442765821 0.065974785918606 -0.117715163308429 
-0.117715163308429 0.790160442765821 0.173768363654173 0.065974785918606 0.135307828168629 -0.047496257198801 
-0.117715163308429 0.065974785918606 -0.047496257198801 0.790160442765821 0.135307828168629 0.173768363654173 
-0.047496257198801 0.135307828168629 0.173768363654173 0.065974785918606 0.790160442765821 -0.117715163308429 
-0.047496257198801 0.065974785918606 -0.117715163308429 0.135307828168629 0.790160442765821 0.173768363654173 
******************************************
Cubature Weak Dr Differentiation Matrix
6 12
-1.766787843419672 0.883393921709836 0.883393921709836 -2.473298475946791 1.236649237973393 1.236649237973393 -2.260610233187959 -2.260610233187959 0.171359173545918 0.171359173545918 2.089251059642041 2.089251059642041 
0.662545441282377 -0.662545441282377 0.000000000000000 0.927486928480047 -0.927486928480045 0.000000000000001 0.607992351683469 1.087465323207500 -0.607992351683469 0.479472971524031 -1.087465323207500 -0.479472971524031 
-0.883393921709836 1.766787843419672 -0.883393921709836 -1.236649237973396 2.473298475946788 -1.236649237973395 -0.171359173545918 -2.089251059642041 2.260610233187958 -2.089251059642041 2.260610233187959 -0.171359173545918 
-0.875897067947846 -0.213351626665469 -1.538442509230223 -0.381336797776553 0.546150130703493 -1.308823726256598 -0.141910095613771 -1.100856038661832 0.466082256069698 -1.708848390345301 -0.013390715454332 -1.229375418821270 
0.213351626665469 0.875897067947846 1.538442509230223 -0.546150130703494 0.381336797776552 1.308823726256598 -0.466082256069698 0.013390715454332 0.141910095613771 1.229375418821270 1.100856038661832 1.708848390345301 
0.000000000000000 0.000000000000000 0.000000000000000 0.000000000000000 0.000000000000000 0.000000000000000 0.000000000000000 0.000000000000000 0.000000000000000 0.000000000000000 0.000000000000000 0.000000000000000 
******************************************
Cubature Weak Ds Differentiation Matrix
6 12
-1.766787843419672 0.883393921709836 0.883393921709836 -2.473298475946791 1.236649237973393 1.236649237973393 -2.260610233187959 -2.260610233187958 0.171359173545917 0.171359173545918 2.089251059642041 2.089251059642041 
-0.875897067947846 -1.538442509230223 -0.213351626665469 -0.381336797776553 -1.308823726256598 0.546150130703494 -1.100856038661832 -0.141910095613771 -1.708848390345301 0.466082256069699 -1.229375418821270 -0.013390715454332 
-0.000000000000000 0.000000000000000 0.000000000000000 -0.000000000000000 -0.000000000000000 0.000000000000000 -0.000000000000000 -0.000000000000000 -0.000000000000000 0.000000000000000 0.000000000000000 -0.000000000000000 
0.662545441282377 0.000000000000000 -0.662545441282377 0.927486928480047 0.000000000000001 -0.927486928480045 1.087465323207500 0.607992351683469 0.479472971524031 -0.607992351683469 -0.479472971524031 -1.087465323207500 
0.213351626665469 1.538442509230223 0.875897067947846 -0.546150130703494 1.308823726256598 0.381336797776552 0.013390715454332 -0.466082256069698 1.229375418821270 0.141910095613770 1.708848390345301 1.100856038661832 
-0.883393921709836 -0.883393921709836 1.766787843419672 -1.236649237973396 -1.236649237973396 2.473298475946789 -2.089251059642041 -0.171359173545918 -2.089251059642041 2.260610233187959 -0.171359173545918 2.260610233187959 
******************************************
Cubature Projection Matrix
6 12
-0.170160122412981 -0.392898857782384 -0.392898857782384 1.133410098368732 0.130817805481561 0.130817805481561 0.353943016094063 0.353943016094063 -0.327466317475288 -0.327466317475287 0.253979365704174 0.253979365704173 
0.208333912169001 0.208333912169001 -0.066308997158865 0.006305039477314 0.006305039477315 0.139924640155993 0.551430093756106 -0.204302816311176 0.551430093756106 -0.098574050589810 -0.204302816311176 -0.098574050589810 
-0.392898857782384 -0.170160122412981 -0.392898857782384 0.130817805481562 1.133410098368729 0.130817805481562 -0.327466317475287 0.253979365704173 0.353943016094062 0.253979365704173 0.353943016094063 -0.327466317475287 
0.208333912169001 -0.066308997158865 0.208333912169001 0.006305039477314 0.139924640155993 0.006305039477315 -0.204302816311176 0.551430093756106 -0.098574050589810 0.551430093756106 -0.098574050589810 -0.204302816311176 
-0.066308997158865 0.208333912169001 0.208333912169001 0.139924640155994 0.006305039477313 0.006305039477313 -0.098574050589810 -0.098574050589810 -0.204302816311176 -0.204302816311176 0.551430093756106 0.551430093756106 
-0.392898857782384 -0.392898857782384 -0.170160122412981 0.130817805481562 0.130817805481562 1.133410098368730 0.253979365704173 -0.327466317475287 0.253979365704173 0.353943016094063 -0.327466317475287 0.353943016094063 
******************************************
Cubature Surface Interpolation Matrix
12 3
0.801346029369931 0.258444252854191 -0.059790282224122 
0.227784076790952 0.884412890002952 -0.112196966793904 
-0.112196966793904 0.884412890002952 0.227784076790952 
-0.059790282224122 0.258444252854191 0.801346029369931 
0.801346029369931 0.258444252854191 -0.059790282224122 
0.227784076790952 0.884412890002952 -0.112196966793904 
-0.112196966793904 0.884412890002952 0.227784076790952 
-0.059790282224122 0.258444252854191 0.801346029369931 
-0.059790282224122 0.258444252854191 0.801346029369931 
-0.112196966793904 0.884412890002952 0.227784076790952 
0.227784076790952 0.884412890002952 -0.112196966793904 
0.801346029369931 0.258444252854191 -0.059790282224122 
******************************************
Cubature Surface Lift Matrix
6 12
4.887716948807507 2.021788765923224 -1.303966088861418 0.394460374130691 1.043564535412363 1.956435464587640 1.956435464587637 1.043564535412362 0.394460374130691 -1.303966088861416 2.021788765923225 4.887716948807506 
0.244802472383995 2.755197527616007 2.755197527616005 0.244802472383995 -0.423167174173509 -1.304209254509174 -0.472770540813013 0.700146969495696 0.700146969495696 -0.472770540813013 -1.304209254509174 -0.423167174173508 
0.394460374130692 -1.303966088861418 2.021788765923225 4.887716948807506 4.887716948807507 2.021788765923227 -1.303966088861416 0.394460374130692 1.043564535412363 1.956435464587638 1.956435464587639 1.043564535412364 
-0.423167174173508 -1.304209254509174 -0.472770540813013 0.700146969495695 0.700146969495695 -0.472770540813013 -1.304209254509173 -0.423167174173508 0.244802472383994 2.755197527616006 2.755197527616005 0.244802472383995 
0.700146969495695 -0.472770540813013 -1.304209254509173 -0.423167174173508 0.244802472383995 2.755197527616007 2.755197527616005 0.244802472383994 -0.423167174173509 -1.304209254509174 -0.472770540813013 0.700146969495695 
1.043564535412363 1.956435464587641 1.956435464587639 1.043564535412363 0.394460374130691 -1.303966088861417 2.021788765923224 4.887716948807506 4.887716948807507 2.021788765923225 -1.303966088861417 0.394460374130691 
******************************************
Bernstein-Bezier Vandermonde Matrix
6 6
1.000000000000000 0.000000000000000 0.000000000000000 0.000000000000000 0.000000000000000 0.000000000000000 
0.250000000000000 0.500000000000000 0.250000000000000 0.000000000000000 0.000000000000000 0.000000000000000 
0.000000000000000 -0.000000000000000 1.000000000000000 -0.000000000000000 0.000000000000000 0.000000000000000 
0.250000000000000 0.000000000000000 0.000000000000000 0.500000000000000 0.000000000000000 0.250000000000000 
0.000000000000000 -0.000000000000000 0.250000000000000 -0.000000000000000 0.500000000000000 0.250000000000000 
0.000000000000000 -0.000000000000000 0.000000000000000 -0.000000000000000 0.000000000000000 1.000000000000000 
******************************************
Bernstein-Bezier Inverse Vandermonde Matrix
6 6
1.000000000000000 0.000000000000000 0.000000000000000 0.000000000000000 0.000000000000000 -0.000000000000000 
-0.500000000000000 2.000000000000000 -0.500000000000000 0.000000000000000 0.000000000000000 -0.000000000000000 
0.000000000000000 0.000000000000000 1.000000000000000 0.000000000000000 0.000000000000000 -0.000000000000000 
-0.500000000000000 0.000000000000000 0.000000000000000 2.000000000000000 0.000000000000000 -0.500000000000000 
0.000000000000000 0.000000000000000 -0.500000000000000 0.000000000000000 2.000000000000000 -0.500000000000000 
0.000000000000000 0.000000000000000 0.000000000000000 0.000000000000000 0.000000000000000 1.000000000000000 
******************************************
Bernstein-Bezier sparse D1 differentiation ids
6 3
0 0 0 
0 1 0 
1 0 0 
0 3 0 
1 3 0 
3 0 0 
******************************************
Bernstein-Bezier sparse D2 differentiation ids
6 3
1 0 0 
1 2 0 
2 0 0 
1 4 0 
2 4 0 
4 0 0 
******************************************
Bernstein-Bezier sparse D3 differentiation ids
6 3
3 0 0 
3 4 0 
4 0 0 
3 5 0 
4 5 0 
5 0 0 
******************************************
Bernstein-Bezier sparse D differentiation values
6 3
2.000000000000000 0.000000000000000 0.000000000000000 
1.000000000000000 1.000000000000000 0.000000000000000 
2.000000000000000 0.000000000000000 0.000000000000000 
1.000000000000000 1.000000000000000 0.000000000000000 
1.000000000000000 1.000000000000000 0.000000000000000 
2.000000000000000 0.000000000000000 0.000000000000000 
******************************************
Bernstein-Bezier L0 Matrix values
3 3
0.000000000000000 5.000000000000000 1.000000000000000 
1.000000000000000 4.000000000000001 1.000000000000000 
1.000000000000000 5.000000000000000 0.000000000000000 
******************************************
Bernstein-Bezier EL lift ids
6 5
0 3 4 5 6 
1 4 5 6 7 
2 5 6 7 8 
0 1 3 4 7 
1 2 4 7 8 
0 1 2 3 8 
******************************************
Bernstein-Bezier EL lift values
6 5
1.000000000000000 0.333333333333333 0.333333333333333 0.333333333333333 1.000000000000000 
1.000000000000000 -0.500000000000000 -1.000000000000000 -1.000000000000000 -0.500000000000000 
1.000000000000000 1.000000000000000 0.333333333333333 0.333333333333333 0.333333333333333 
-1.000000000000000 -0.500000000000000 -1.000000000000000 -0.500000000000000 1.000000000000000 
-0.500000000000000 -1.000000000000000 1.000000000000000 -0.500000000000000 -1.000000000000000 
0.333333333333333 0.333333333333333 0.333333333333333 1.000000000000000 1.000000000000000 
******************************************
Cubature Bernstein-Bezier Interpolation Matrix
12 6
0.251428544587984 0.249997965070195 0.062143881317906 0.249997965070195 0.124287762635813 0.062143881317906 
0.062143881317906 0.249997965070195 0.251428544587984 0.124287762635813 0.249997965070195 0.062143881317906 
0.062143881317906 0.124287762635813 0.062143881317906 0.249997965070195 0.249997965070195 0.251428544587984 
0.763564837032028 0.110257133984968 0.003980223749509 0.110257133984968 0.007960447499018 0.003980223749509 
0.003980223749509 0.110257133984969 0.763564837032027 0.007960447499018 0.110257133984968 0.003980223749509 
0.003980223749509 0.007960447499018 0.003980223749509 0.110257133984969 0.110257133984968 0.763564837032027 
0.405135431387786 0.395080221382911 0.096318643862678 0.067653914084315 0.032987392959303 0.002824396323008 
0.405135431387786 0.067653914084315 0.002824396323008 0.395080221382911 0.032987392959303 0.096318643862678 
0.096318643862678 0.395080221382911 0.405135431387786 0.032987392959303 0.067653914084315 0.002824396323008 
0.096318643862678 0.032987392959303 0.002824396323008 0.395080221382911 0.067653914084315 0.405135431387786 
0.002824396323008 0.067653914084315 0.405135431387786 0.032987392959303 0.395080221382911 0.096318643862678 
0.002824396323008 0.032987392959303 0.096318643862678 0.067653914084315 0.395080221382911 0.405135431387786 
******************************************
Cubature Bernstein-Bezier Projection Matrix
6 12
-0.170160122412980 -0.392898857782381 -0.392898857782381 1.133410098368726 0.130817805481560 0.130817805481560 0.353943016094061 0.353943016094061 -0.327466317475286 -0.327466317475286 0.253979365704172 0.253979365704172 
0.698197314435685 0.698197314435684 0.260280863464652 -0.619503872970516 -0.619503872970516 0.149031474830426 1.089621838202828 -0.712566823521471 1.089621838202825 -0.160404625294064 -0.712566823521471 -0.160404625294062 
-0.392898857782383 -0.170160122412980 -0.392898857782382 0.130817805481561 1.133410098368727 0.130817805481561 -0.327466317475288 0.253979365704173 0.353943016094061 0.253979365704173 0.353943016094063 -0.327466317475286 
0.698197314435685 0.260280863464652 0.698197314435684 -0.619503872970515 0.149031474830425 -0.619503872970516 -0.712566823521470 1.089621838202828 -0.160404625294065 1.089621838202825 -0.160404625294061 -0.712566823521471 
0.260280863464653 0.698197314435684 0.698197314435684 0.149031474830425 -0.619503872970515 -0.619503872970517 -0.160404625294063 -0.160404625294063 -0.712566823521469 -0.712566823521469 1.089621838202825 1.089621838202825 
-0.392898857782383 -0.392898857782382 -0.170160122412980 0.130817805481561 0.130817805481560 1.133410098368728 0.253979365704174 -0.327466317475288 0.253979365704173 0.353943016094061 -0.327466317475287 0.353943016094063 
******************************************
Bernstein-Bezier sparse 1D degree raise ids
4 2
0 0 
0 1 
1 2 
2 0 
******************************************
Bernstein-Bezier sparse 1D degree raise values
4 2
1.000000000000000 0.000000000000000 
0.333333333333333 0.666666666666667 
0.666666666666667 0.333333333333333 
1.000000000000000 0.000000000000000 
******************************************
Bernstein-Bezier sparse 1D degree lower matrix
2 3
0.833333333333334 0.333333333333333 -0.166666666666667 
-0.166666666666667 0.333333333333333 0.833333333333333 
******************************************
IPDG overlapping patch forward matrix
15 15
-5.174503535670854 -0.554624865036876 -5.174503535671011 -0.554624865036887 -0.554624865036840 -5.174503535670976 2.661651082637476 0.378176360847920 2.661651082637544 2.661651082637562 0.378176360847918 2.661651082637529 2.661651082637462 0.378176360847920 2.661651082637540 
-0.030355140949291 -0.364235815817914 -0.030355140949292 -0.364235815817914 -0.364235815817916 -0.030355140949291 -0.055343407751744 -0.370020249637437 -0.055343407751743 -0.055343407751744 -0.370020249637438 -0.055343407751744 -0.055343407751745 -0.370020249637437 -0.055343407751744 
3.530088273356657 -0.277316541583316 3.530088273356684 -0.277316541583315 -0.277316541583317 3.530088273356679 1.909322656593813 0.852040221869207 1.909322656593838 1.909322656593833 0.852040221869201 1.909322656593837 1.909322656593821 0.852040221869209 1.909322656593829 
-0.747788250351811 -0.380801120494828 -0.747788250351815 -0.380801120494831 -0.380801120494829 -0.747788250351809 -1.054031655967823 0.710712944964672 -1.054031655967828 -1.054031655967829 0.710712944964671 -1.054031655967828 -1.054031655967830 0.710712944964672 -1.054031655967825 
6.442265810394730 -0.713321709910934 -4.037226564820141 -1.197419693593110 1.910741403504044 -2.405039245574608 -3.823994785612009 0.024772802560447 2.364112479521120 2.437159863726032 -0.066357744164258 1.473358388745284 -3.837470868266415 0.041584941603808 1.386834921885975 
0.521110881145557 -1.631359891385889 4.979190747034612 1.476801205711238 0.154558685674649 -5.500301628180182 -0.353127333147466 0.056655161244686 -2.985609462901953 -2.935893935942953 -0.005367636721305 3.252213329190103 -0.266603866288136 -0.051287524523380 3.289021269090427 
4.503310434345922 -0.272589700758484 -2.325679845311679 -0.291122092188608 0.563711792947089 -2.177630589034199 3.403076248540868 -0.504267207474439 -1.750122788153096 -1.765002085116970 1.042817725170394 -1.653283184724768 3.403405972877873 -0.538550517695949 -1.638074163423892 
0.586316562288243 0.807960301437880 -0.187912660494623 0.381085549447958 -1.189045850885836 -0.398403901793614 0.327997522079264 0.914470443548437 -0.281542759574209 0.048675571425062 -1.345792961267912 -0.117041359338423 0.398584118912636 0.431322517719478 -0.376673093504322 
-0.073346557187451 0.924129925964524 0.529033510634652 -1.072876226359191 0.148746300394668 -0.455686953447200 -0.210555828028133 1.045954240312557 0.263689919094352 0.391904790351463 0.168354924191235 -0.383352422065493 0.119662502971140 -1.214309164503792 -0.181348962323331 
-0.000001288770759 -0.427416861905491 3.414495784214175 0.427417023230207 -0.000000161324718 -3.414494495443414 0.007603536700779 -0.790683972214831 2.584204513819551 2.576600007474493 -0.000000298436673 -2.576599029219472 -0.007605484600084 0.790684270651507 -2.584203544175276 
0.732535839185974 -1.202907213757111 -0.357617573369740 -1.147398774600165 2.350305988357277 -0.374918265816218 1.284739314488209 0.545898678103700 2.330415127904509 -3.540040779424425 -1.066606732015584 -3.523445944754088 1.193030816849577 0.520708053911884 2.255301464936232 
0.000005685840514 -1.947821305916217 0.607085017234682 1.947803063170582 0.000018242745635 -0.607090703075195 3.218095583512887 0.883952697199956 2.635784721250198 -0.582346455951991 -0.000008278851941 0.582291630158220 -3.218076351408453 -0.883944418348015 -2.635749127560866 
-0.533360264088735 1.168136397887624 0.246985552429111 1.007466098779546 -2.175602496667171 0.286374711659627 -0.157963986340053 -0.411502642614801 2.734323547766094 -2.472174338394336 0.766405514182116 -2.326181662057916 -0.408141885708089 -0.354902871567311 2.630138324734281 
0.000000000000013 0.000000000000048 0.000000000000004 -0.000000000000039 -0.000000000000004 0.000000000000029 2.474358296527105 -0.000000000000018 -2.474358296527009 2.474358296527007 0.000000000000001 -2.474358296527001 -2.474358296527096 0.000000000000014 2.474358296527023 
0.000000017218445 -2.069285693937710 0.507296129887644 2.069285623702792 0.000000070234918 -0.507296147106090 -3.222061206842307 0.728952999769722 -1.341809923737161 1.880251456286185 -0.000000024741850 -1.880251301380995 3.222061225117886 -0.728952975027872 1.341809750556389 
******************************************
IPDG overlapping patch diagonal scaling
15 1
117.117532065037977 
3.214094085182213 
32.832480019768177 
36.535893830011283 
107.229519248683715 
107.229519248684085 
24.799499078304873 
10.703687558594238 
10.703687558594227 
24.799499078304919 
72.387149957473270 
72.387149957473397 
60.294429871228957 
61.714285714285623 
60.294429871229006 
******************************************
IPDG overlapping patch backward matrix
15 15
-0.999999999999996 -0.082036431733221 0.999999999999994 -0.709455210493795 1.000000000000000 0.155750608980432 1.000000000000000 0.435666242254569 -0.093126863378162 0.021679523650588 0.207414509029070 -0.002955432701893 -0.198849491197511 0.000000000000002 -0.007719863879602 
-0.107184169691548 -0.984367250643197 -0.078557962325300 -0.361280534923958 -0.126174290957435 -0.296594623652601 -0.062588635662306 0.540477947902325 0.694667443178540 -0.125177200454084 -0.332735060885266 -0.597503890089563 0.405558359530058 0.000000000000032 -0.623848204844233 
-1.000000000000000 -0.082036431733219 1.000000000000000 -0.709455210493798 -0.574590094036125 0.844249391019565 -0.499999716919179 -0.169157451049746 0.435666242254568 0.978320476349409 -0.103708711460757 0.189183530537599 0.099424750660710 0.000000000000001 0.160659494991772 
-0.107184169691548 -0.984367250643199 -0.078557962325300 -0.361280534923959 -0.170420332695159 0.250399830398385 -0.062588564791779 0.343050117042822 -0.883528064945146 0.122463418376325 -0.332744409968921 0.606986253689920 0.405558400825996 -0.000000000000020 0.655337905636024 
-0.107184169691547 -0.984367250643199 -0.078557962325300 -0.361280534923955 0.296594623652599 0.046194793254216 0.125177200454084 -0.883528064945145 0.188860621766606 0.002713782077758 0.665479470854188 -0.009482363600358 -0.811116760356053 -0.000000000000010 -0.031489700791792 
-0.999999999999998 -0.082036431733219 1.000000000000000 -0.709455210493795 -0.425409905963837 -1.000000000000000 -0.500000283080811 -0.266508791204822 -0.342539378876406 -1.000000000000000 -0.103705797568314 -0.186228097835706 0.099424740536802 0.000000000000013 -0.152939631112172 
0.514378058549807 -0.149568592005362 0.540871079911624 -0.999999999999993 -0.594009230805494 -0.100226700324166 0.755719856129084 0.253622543042222 -0.188185440698202 0.018586630892002 0.350777486196174 0.990003379381303 -0.105528951532265 1.000000000000000 -1.000000000000000 
0.073084569029845 -0.999999999999997 0.241365131943022 0.674280455374097 0.004381880930671 0.010300373520321 -0.115783525339535 0.611726972063848 0.786242645525549 -0.231566919574767 0.151000532558696 0.271156893924465 -0.142867166011548 -0.000000000000012 0.219764734108218 
0.514378058549803 -0.149568592005362 0.540871079911631 -1.000000000000000 0.335781263966616 -0.506783064184706 -0.376189369059721 -0.222547037643829 0.228126278181702 0.740473913495769 0.649207067676555 0.805703569500936 0.999999973222033 -0.999999999999944 -0.375915766630789 
0.514378058549806 -0.149568592005363 0.540871079911630 -0.999999999999994 0.347550098023056 -0.497240660227219 -0.379530058579318 0.012921885848598 0.311764820897429 0.738198504540485 -0.999997204992611 -0.165798630750088 -0.894471048467738 0.999999999999940 0.546438937625767 
0.073084569029845 -1.000000000000000 0.241365131943022 0.674280455374094 -0.010300373520322 -0.001604289448516 0.231566919574769 -1.000000000000000 0.213757354474452 0.005020260509616 -0.302005307882212 0.004303249407382 0.285734346570532 0.000000000000003 0.011092964070295 
0.514378058549800 -0.149568592005362 0.540871079911632 -0.999999999999995 0.259459666485798 0.591782800706540 -0.379530485808448 -0.063721518393080 -0.300906025836447 -0.754654575564772 -1.000000000000000 0.194296430499061 -0.894471085991176 -0.999999999999955 -0.615890409104691 
0.514378058549803 -0.149568592005362 0.540871079911627 -0.999999999999998 -0.595240930452437 -0.084999736521835 0.755719854868174 0.286268556036909 0.072779747654744 0.014180662069003 0.350792932323444 -1.000000000000000 -0.105528887230850 -1.000000000000000 0.991806175735420 
0.073084569029845 -0.999999999999998 0.241365131943022 0.674280455374096 0.005918492589648 -0.008696084071805 -0.115783394235231 0.388273027936153 -1.000000000000000 0.226546659065152 0.151004775323515 -0.275460143331846 -0.142867180558984 0.000000000000007 -0.230857698178512 
0.514378058549805 -0.149568592005362 0.540871079911629 -0.999999999999993 0.246459132782417 0.597467360551386 -0.376189797549762 -0.266544428890820 -0.123579380199226 -0.756785135432489 0.649219718796440 -0.824204748631212 1.000000000000000 0.999999999999969 0.453561062374291 
******************************************
Nodal rotation permutations
3 6
0 1 2 3 4 5 
5 3 0 4 1 2 
2 4 5 1 3 0 
******************************************
IPDG full reference patch inverse matrix
24 24
0.440469578663915 0.011053943260676 0.033329163343586 0.011053943260676 0.018481554063899 0.033329163343586 -0.007847206337154 0.028192469212455 0.180474880699358 0.007865642783935 0.005530611868972 0.009071593038591 0.003223275783813 -0.002302310034648 0.003223275783813 0.003419700170135 0.003419700170135 -0.004092473371413 0.180474880699358 0.028192469212455 -0.007847206337154 0.005530611868972 0.007865642783935 0.009071593038591 
0.011053943260676 0.277672193168504 0.011053943260676 0.036165679382019 0.036165679382019 0.018481554063899 0.019246366143417 0.202373181628898 0.019246366143417 0.006976423295559 0.006976423295559 -0.005642571838886 0.012031070258395 0.054757430841873 0.031583157031802 -0.000357389365085 -0.003188254941095 0.007136338740167 0.031583157031802 0.054757430841873 0.012031070258395 -0.003188254941095 -0.000357389365085 0.007136338740167 
0.033329163343586 0.011053943260676 0.440469578663915 0.018481554063899 0.011053943260676 0.033329163343586 0.180474880699358 0.028192469212455 -0.007847206337154 0.005530611868972 0.007865642783935 0.009071593038591 -0.007847206337154 0.028192469212455 0.180474880699358 0.007865642783935 0.005530611868972 0.009071593038591 0.003223275783813 -0.002302310034648 0.003223275783813 0.003419700170135 0.003419700170135 -0.004092473371413 
0.011053943260676 0.036165679382019 0.018481554063899 0.277672193168504 0.036165679382019 0.011053943260676 0.012031070258395 0.054757430841873 0.031583157031802 -0.000357389365085 -0.003188254941095 0.007136338740167 0.031583157031802 0.054757430841873 0.012031070258395 -0.003188254941095 -0.000357389365085 0.007136338740167 0.019246366143417 0.202373181628898 0.019246366143417 0.006976423295559 0.006976423295559 -0.005642571838886 
0.018481554063899 0.036165679382019 0.011053943260676 0.036165679382019 0.277672193168504 0.011053943260676 0.031583157031802 0.054757430841873 0.012031070258395 -0.003188254941095 -0.000357389365085 0.007136338740167 0.019246366143417 0.202373181628898 0.019246366143417 0.006976423295559 0.006976423295559 -0.005642571838886 0.012031070258395 0.054757430841873 0.031583157031802 -0.000357389365085 -0.003188254941095 0.007136338740167 
0.033329163343586 0.018481554063899 0.033329163343586 0.011053943260676 0.011053943260676 0.440469578663915 0.003223275783813 -0.002302310034648 0.003223275783813 0.003419700170135 0.003419700170135 -0.004092473371413 0.180474880699358 0.028192469212455 -0.007847206337154 0.005530611868972 0.007865642783935 0.009071593038591 -0.007847206337154 0.028192469212455 0.180474880699358 0.007865642783935 0.005530611868972 0.009071593038591 
-0.007847206337154 0.019246366143417 0.180474880699358 0.012031070258395 0.031583157031802 0.003223275783813 0.365995962937300 0.005338786641643 0.029262775086850 -0.017272328983607 0.015010877464548 0.043792918714931 -0.005364434109958 0.032922773122688 0.077618124923214 0.003579331574156 0.002438366117694 0.003509867622647 -0.005364434109958 0.004705839825865 0.000950365054623 0.000759841623173 0.000547079338067 -0.001384981250660 
0.028192469212455 0.202373181628898 0.028192469212455 0.054757430841873 0.054757430841873 -0.002302310034648 0.005338786641643 0.282795677310392 0.005338786641643 -0.006420293610468 -0.006420293610468 0.010116267825471 0.004705839825865 0.061772849009263 0.032922773122688 0.000299193559499 -0.001639653350151 0.004955610168554 0.032922773122688 0.061772849009263 0.004705839825865 -0.001639653350151 0.000299193559499 0.004955610168554 
0.180474880699358 0.019246366143417 -0.007847206337154 0.031583157031802 0.012031070258395 0.003223275783813 0.029262775086850 0.005338786641643 0.365995962937300 0.015010877464548 -0.017272328983607 0.043792918714931 0.000950365054623 0.004705839825865 -0.005364434109958 0.000547079338067 0.000759841623173 -0.001384981250660 0.077618124923214 0.032922773122688 -0.005364434109958 0.002438366117694 0.003579331574156 0.003509867622647 
0.007865642783935 0.006976423295559 0.005530611868972 -0.000357389365085 -0.003188254941095 0.003419700170135 -0.017272328983607 -0.006420293610468 0.015010877464548 0.128225136664727 -0.011005117289123 -0.019121619741455 0.000759841623173 -0.001639653350151 0.002438366117694 0.000062181854994 -0.000037690389173 0.000324435918548 0.003579331574156 0.000299193559499 0.000547079338067 0.000062181854994 0.000209653873370 0.000250663568857 
0.005530611868972 0.006976423295559 0.007865642783935 -0.003188254941095 -0.000357389365085 0.003419700170135 0.015010877464548 -0.006420293610468 -0.017272328983607 -0.011005117289123 0.128225136664727 -0.019121619741455 0.000547079338067 0.000299193559499 0.003579331574156 0.000209653873370 0.000062181854994 0.000250663568857 0.002438366117694 -0.001639653350151 0.000759841623173 -0.000037690389173 0.000062181854994 0.000324435918548 
0.009071593038591 -0.005642571838886 0.009071593038591 0.007136338740167 0.007136338740167 -0.004092473371413 0.043792918714931 0.010116267825471 0.043792918714931 -0.019121619741455 -0.019121619741455 0.288327374446905 -0.001384981250660 0.004955610168554 0.003509867622647 0.000250663568857 0.000324435918548 -0.000175081679624 0.003509867622647 0.004955610168554 -0.001384981250660 0.000324435918548 0.000250663568857 -0.000175081679624 
0.003223275783813 0.012031070258395 -0.007847206337154 0.031583157031802 0.019246366143417 0.180474880699358 -0.005364434109958 0.004705839825865 0.000950365054623 0.000759841623173 0.000547079338067 -0.001384981250660 0.365995962937300 0.005338786641643 0.029262775086850 -0.017272328983607 0.015010877464548 0.043792918714931 -0.005364434109958 0.032922773122688 0.077618124923214 0.003579331574156 0.002438366117694 0.003509867622647 
-0.002302310034648 0.054757430841873 0.028192469212455 0.054757430841874 0.202373181628898 0.028192469212455 0.032922773122688 0.061772849009263 0.004705839825865 -0.001639653350151 0.000299193559499 0.004955610168554 0.005338786641643 0.282795677310393 0.005338786641644 -0.006420293610468 -0.006420293610468 0.010116267825471 0.004705839825865 0.061772849009263 0.032922773122688 0.000299193559499 -0.001639653350151 0.004955610168554 
0.003223275783813 0.031583157031802 0.180474880699358 0.012031070258395 0.019246366143417 -0.007847206337154 0.077618124923214 0.032922773122688 -0.005364434109958 0.002438366117694 0.003579331574156 0.003509867622647 0.029262775086850 0.005338786641644 0.365995962937300 0.015010877464548 -0.017272328983607 0.043792918714931 0.000950365054623 0.004705839825865 -0.005364434109958 0.000547079338067 0.000759841623173 -0.001384981250660 
