% degree N
6
% number of nodes
28
% node coordinates
-1.000000000000000E+00 -1.000000000000000E+00
-8.302238962785673E-01 -1.000000000000000E+00
-4.688487934707143E-01 -1.000000000000000E+00
0.000000000000000E+00 -1.000000000000000E+00
4.688487934707143E-01 -1.000000000000000E+00
8.302238962785669E-01 -1.000000000000000E+00
1.000000000000000E+00 -1.000000000000000E+00
-1.000000000000000E+00 -8.302238962785667E-01
-7.695164961934418E-01 -7.695164961934415E-01
-3.647692565366892E-01 -7.440953960343212E-01
1.088646525710104E-01 -7.440953960343213E-01
5.390329923868830E-01 -7.695164961934414E-01
8.302238962785673E-01 -8.302238962785673E-01
-1.000000000000000E+00 -4.688487934707143E-01
-7.440953960343215E-01 -3.647692565366893E-01
-3.333333333333334E-01 -3.333333333333334E-01
1.088646525710105E-01 -3.647692565366892E-01
4.688487934707138E-01 -4.688487934707141E-01
-1.000000000000000E+00 0.000000000000000E+00
-7.440953960343213E-01 1.088646525710104E-01
-3.647692565366892E-01 1.088646525710105E-01
0.000000000000000E+00 0.000000000000000E+00
-1.000000000000000E+00 4.688487934707141E-01
-7.695164961934413E-01 5.390329923868827E-01
-4.688487934707144E-01 4.688487934707143E-01
-9.999999999999999E-01 8.302238962785673E-01
-8.302238962785667E-01 8.302238962785670E-01
-1.000000000000000E+00 1.000000000000000E+00
% r collocation differentation matrix
-1.050000000000001E+01 1.420157660291981E+01 -5.668985225545486E+00 3.199999999999981E+00 -2.049964813076730E+00 1.317373435702428E+00 -4.999999999999974E-01 -1.847240010773880E-15 3.793977990849080E-15 -1.835673123200638E-15 -1.314259062942238E-15 1.928426672030473E-16 1.071344159159503E-15 1.706129973125047E-16 -1.378846291734835E-15 2.743815497019853E-15 -1.598750332277372E-15 -1.234091291100745E-17 7.192856219247465E-16 -1.047183069484506E-15 -1.075074713022176E-15 1.008649481795236E-15 4.522655312127432E-16 -3.676040080513534E-18 1.787365370728762E-16 -3.456646804132864E-16 8.639420988436960E-17 8.789698607006527E-17 
-2.442926014244298E+00 1.258295450532172E-14 3.455828214294279E+00 -1.598606688098364E+00 9.613397972887116E-01 -6.022471796357859E-01 2.266118703954454E-01 -3.202052266169248E-16 5.029841683876061E-16 -3.113719456588502E-16 1.355163740041846E-16 1.822904283471524E-16 -3.475944871023619E-16 3.708407560915843E-16 -8.356009291224478E-16 5.103237676789271E-16 -2.424359394086452E-16 2.863256255452667E-16 -4.748693548908671E-16 5.881094347718068E-16 8.196872776164158E-16 -6.313472891207234E-16 -2.754114339616021E-16 2.612984625069749E-16 -4.164982658838217E-16 5.263442771019095E-17 8.998840772744470E-17 -5.287076158314816E-17 
6.252566655153445E-01 -2.215804283169973E+00 -2.504009842989134E-16 2.266698087085998E+00 -1.066441904006375E+00 6.163908355175803E-01 -2.260994009425743E-01 -2.102992179568287E-16 -3.958242246810056E-17 5.410767406605733E-16 4.943138365222602E-16 -6.425818875821908E-16 3.667874726682283E-17 -3.624389251529188E-16 5.632768541114881E-16 -8.962288344685649E-16 7.371913943308922E-16 -3.417001821976793E-16 3.595063280305952E-16 -1.164538385392292E-16 -4.606493694796966E-16 2.126532524300722E-16 -7.690656582149045E-18 -8.480255033262252E-18 1.444372819852501E-16 1.968093220967576E-17 -6.456711925178303E-17 1.462432101952267E-17 
-3.125000000000014E-01 9.075444712688219E-01 -2.006969240588752E+00 -1.061662056167734E-15 2.006969240588754E+00 -9.075444712688222E-01 3.125000000000004E-01 -1.176158204058246E-16 2.293178235058803E-16 -2.502446191324003E-16 -1.931622704378976E-16 3.108799263437229E-16 -4.912400679196373E-17 8.455114744312254E-17 -3.846072389392168E-16 4.092863110802112E-16 -4.263319034345126E-16 3.160228037277400E-16 1.853294936322990E-16 -5.987582223529931E-16 5.475788519728952E-16 -6.383139757719884E-17 2.762212837127889E-17 6.068823886921901E-17 -1.019637777826415E-16 -8.565285659618118E-17 8.605315430119829E-17 -1.451033446585918E-18 
2.260994009425754E-01 -6.163908355175798E-01 1.066441904006374E+00 -2.266698087085996E+00 -4.041807916375021E-15 2.215804283169974E+00 -6.252566655153429E-01 2.857574684381652E-16 4.894995340574895E-16 -1.684505915138544E-15 1.667925498413080E-15 -1.363045926507082E-15 5.226533416894512E-16 4.687383353991019E-17 5.185903826181378E-16 -1.838556152975550E-16 -1.842051195933666E-16 9.347973143213735E-17 -1.316928813052947E-16 1.798370424639409E-16 2.900128431743111E-16 -4.137848132889835E-16 -6.033794309945105E-17 -1.516424085969001E-17 1.446829500618709E-17 7.948273763241184E-18 5.726271216099885E-18 -2.947012033226096E-18 
-2.266118703954456E-01 6.022471796357863E-01 -9.613397972887123E-01 1.598606688098367E+00 -3.455828214294288E+00 7.237905659384385E-15 2.442926014244285E+00 -1.866623425150736E-16 7.122597709101353E-17 8.592529066520790E-16 -7.202122033446484E-16 -2.941513976427832E-16 3.851552528356271E-16 -1.357463442230153E-16 1.935469955598101E-16 -7.217933143187061E-16 8.778588118692239E-16 -3.685585170493195E-16 2.075820921526136E-16 3.507778223124188E-16 -1.395748748777576E-15 6.789519468513190E-16 2.185700544364517E-16 -3.083750782582489E-16 3.686846352654461E-16 5.679551006388010E-18 -6.991036129607324E-17 2.616650949855024E-17 
4.999999999999990E-01 -1.317373435702433E+00 2.049964813076734E+00 -3.199999999999993E+00 5.668985225545510E+00 -1.420157660291981E+01 1.049999999999999E+01 -9.935715316879693E-16 1.076606228806104E-15 -5.128121058792458E-16 -8.045311773231323E-16 1.456578891833338E-15 -5.235448143476277E-16 2.454355666280551E-16 -2.733379781254731E-15 8.574753887908417E-17 1.672016432213727E-15 8.050285512310752E-16 -1.189199714506222E-15 7.621116077638805E-16 1.176197422577920E-15 -2.361035157582537E-16 -7.864242362416819E-17 1.761322017097790E-16 -7.473094537696844E-16 2.453922570704001E-17 2.329109577823875E-16 -9.158410869072790E-17 
-1.655262361973602E+00 4.384712827957403E+00 -3.690760330301414E+00 3.117477922832153E+00 -2.589139777647822E+00 1.985656364247196E+00 -8.439773500154502E-01 -7.125074416831680E+00 1.033663482987605E+01 -4.496281557246644E+00 2.344788531765861E+00 -1.167291801379796E+00 3.442497157087429E-01 -8.262240580904094E-01 -9.459224280501494E-01 4.951104840739183E-01 -2.755995418767806E-01 1.307651838517978E-01 5.719017095285395E-01 2.682264060356775E-01 -9.869462071486783E-02 1.942963420565682E-02 -4.010453740426706E-01 -1.001590615422849E-01 2.857613168759768E-02 2.752184182584926E-01 2.041089894500815E-02 -1.077263792605193E-01 
5.517000562263966E-01 -9.201040534747421E-01 1.176961681655652E+00 -1.098244520847074E+00 9.850637427480639E-01 -8.000787078144386E-01 3.547796641416830E-01 -1.554401666328816E+00 -5.151499637263656E-01 3.209748551194646E+00 -1.432336019241391E+00 6.956394087831190E-01 -2.074823808480149E-01 -3.692128423999684E-01 -1.922050612666488E-01 -1.206297624012175E-01 9.935195321042917E-02 -6.178154481498802E-02 1.896527659734792E-01 1.352424016079709E-01 8.965120381052475E-04 9.133602269951274E-04 -1.456346499093812E-01 -6.856554389690861E-02 4.395998819365346E-04 1.094119850117925E-01 2.371327225942771E-02 -4.768823798974195E-02 
-3.209579837677067E-01 6.517741597973218E-01 -7.185764488489390E-01 7.710995593958206E-01 -7.232594971905479E-01 6.144893723368150E-01 -2.839982992665915E-01 4.198521513797137E-01 -1.800934241108812E+00 -1.004212072760129E-01 2.108995815462386E+00 -8.271414419112154E-01 2.349085738334107E-01 9.368937913564791E-02 -1.564382006974677E-01 8.832124526321769E-03 -7.222323268610449E-02 5.972805372760357E-02 -8.063985275378400E-03 6.510697498621343E-02 2.630175257413567E-02 -1.023528932041959E-02 -9.989363497565677E-03 -4.724571213519738E-02 1.414795222066642E-03 2.018650040444086E-02 1.455836312895432E-02 -1.145267292889297E-02 
2.839982992665919E-01 -6.144893723368157E-01 7.232594971905475E-01 -7.710995593958216E-01 7.185764488489406E-01 -6.517741597973219E-01 3.209579837677066E-01 -2.349085738334107E-01 8.271414419112164E-01 -2.108995815462387E+00 1.004212072760152E-01 1.800934241108813E+00 -4.198521513797139E-01 -5.972805372760340E-02 7.222323268610531E-02 -8.832124526320805E-03 1.564382006974664E-01 -9.368937913564884E-02 1.023528932041794E-02 -2.630175257413677E-02 -6.510697498621378E-02 8.063985275379059E-03 -1.414795222065971E-03 4.724571213519933E-02 9.989363497565103E-03 -1.455836312895511E-02 -2.018650040444095E-02 1.145267292889306E-02 
-3.547796641416838E-01 8.000787078144386E-01 -9.850637427480621E-01 1.098244520847075E+00 -1.176961681655653E+00 9.201040534747413E-01 -5.517000562263982E-01 2.074823808480152E-01 -6.956394087831194E-01 1.432336019241391E+00 -3.209748551194645E+00 5.151499637263652E-01 1.554401666328816E+00 6.178154481498794E-02 -9.935195321042994E-02 1.206297624012150E-01 1.922050612666471E-01 3.692128423999725E-01 -9.133602269955362E-04 -8.965120381020187E-04 -1.352424016079693E-01 -1.896527659734811E-01 -4.395998819369640E-04 6.856554389690610E-02 1.456346499093819E-01 -2.371327225942672E-02 -1.094119850117914E-01 4.768823798974082E-02 
8.439773500154546E-01 -1.985656364247199E+00 2.589139777647826E+00 -3.117477922832163E+00 3.690760330301427E+00 -4.384712827957426E+00 1.655262361973605E+00 -3.442497157087425E-01 1.167291801379797E+00 -2.344788531765866E+00 4.496281557246636E+00 -1.033663482987603E+01 7.125074416831669E+00 -1.307651838517972E-01 2.755995418767805E-01 -4.951104840739145E-01 9.459224280501631E-01 8.262240580904178E-01 -1.942963420565746E-02 9.869462071486657E-02 -2.682264060356877E-01 -5.719017095285439E-01 -2.857613168759537E-02 1.001590615422856E-01 4.010453740426781E-01 -2.041089894501213E-02 -2.752184182584968E-01 1.077263792605232E-01 
8.879307931334885E-01 -1.027593665809477E+00 -4.828334851803251E-01 1.685936367970128E+00 -2.452781655413909E+00 2.610816436610339E+00 -1.345023169351650E+00 -2.239206757119446E+00 6.769317312562301E+00 -6.396936411823847E+00 5.188391659139159E+00 -3.456170951798925E+00 1.242432810805074E+00 -6.506027930532853E+00 8.624435201174302E+00 -3.257663464174973E+00 1.143304170242403E+00 -7.077242720410926E-02 -6.021964153822177E-01 -1.042191731137139E+00 5.537569672403864E-01 -2.517828114618658E-01 4.818005955586864E-01 2.414733892043834E-01 -3.922367444908274E-02 -3.238166427460536E-01 -7.325463390613775E-02 1.378801238513594E-01 
-4.126642867882265E-01 4.977110615947797E-01 -1.791233795562379E-01 -3.038599626285088E-01 6.967322107608580E-01 -8.866398882547014E-01 5.032126083107510E-01 8.314554907379843E-01 -1.638012969082958E+00 2.272433646674199E+00 -2.076178220791592E+00 1.520177827961115E+00 -5.887202673933695E-01 -1.249386781447324E+00 -5.856917240018458E-01 2.840099123499076E+00 -9.736740982471919E-01 1.502988750901059E-01 -4.515473135540350E-01 -8.630623039430542E-02 -2.121587694560599E-01 1.391245285700373E-01 2.067986037993620E-01 1.156755598906561E-01 -1.538938367571978E-02 -1.517572906920538E-01 -2.257939151133488E-02 5.997042058654006E-02 
3.664137459237405E-01 -5.662495266051533E-01 3.386526654366466E-01 5.891528116087198E-16 -3.386526654366484E-01 5.662495266051530E-01 -3.664137459237405E-01 -5.487742413505636E-01 1.303114435099505E+00 -1.645192518637619E+00 1.645192518637618E+00 -1.303114435099503E+00 5.487742413505635E-01 3.170898270777227E-01 -1.835627635179340E+00 2.156940652806621E-15 1.835627635179338E+00 -3.170898270777202E-01 1.489387502073239E-01 -1.904351165417206E-01 1.904351165417182E-01 -1.489387502073248E-01 -2.156283835892641E-02 1.020451411723952E-15 2.156283835892788E-02 1.747528525459004E-02 -1.747528525459113E-02 2.359223927328458E-16 
-5.032126083107514E-01 8.866398882547023E-01 -6.967322107608567E-01 3.038599626285084E-01 1.791233795562394E-01 -4.977110615947803E-01 4.126642867882270E-01 5.887202673933715E-01 -1.520177827961118E+00 2.076178220791594E+00 -2.272433646674199E+00 1.638012969082958E+00 -8.314554907379833E-01 -1.502988750901086E-01 9.736740982471943E-01 -2.840099123499081E+00 5.856917240018474E-01 1.249386781447320E+00 -1.391245285700355E-01 2.121587694560622E-01 8.630623039430764E-02 4.515473135540357E-01 1.538938367571799E-02 -1.156755598906577E-01 -2.067986037993640E-01 2.257939151133613E-02 1.517572906920549E-01 -5.997042058654067E-02 
1.345023169351651E+00 -2.610816436610340E+00 2.452781655413904E+00 -1.685936367970124E+00 4.828334851803230E-01 1.027593665809474E+00 -8.879307931334918E-01 -1.242432810805075E+00 3.456170951798924E+00 -5.188391659139162E+00 6.396936411823839E+00 -6.769317312562294E+00 2.239206757119446E+00 7.077242720411253E-02 -1.143304170242402E+00 3.257663464174982E+00 -8.624435201174293E+00 6.506027930532856E+00 2.517828114618684E-01 -5.537569672403915E-01 1.042191731137135E+00 6.021964153822086E-01 3.922367444908369E-02 -2.414733892043762E-01 -4.818005955586842E-01 7.325463390613705E-02 3.238166427460476E-01 -1.378801238513584E-01 
-4.479014360637992E-01 8.302583013530863E-02 4.965325549547178E-01 -1.406193332921684E-02 -1.162890865095713E+00 2.281949355188879E+00 -1.571924772245807E+00 1.303958192350689E+00 -1.115917887192776E+00 -2.036073753681062E+00 4.398843139842462E+00 -4.745245254807420E+00 2.281949355188876E+00 -2.375448407172257E+00 7.645246843682705E+00 -6.876792247865393E+00 4.398843139842465E+00 -1.162890865095708E+00 -6.332485761641192E+00 7.645246843682699E+00 -2.036073753681074E+00 -1.406193332921591E-02 -3.684791665835015E-01 -1.115917887192762E+00 4.965325549547218E-01 3.964137210818602E-01 8.302583013530360E-02 -1.354014360637930E-01 
3.439687198531329E-01 -2.574879653447469E-01 -7.511743740332230E-02 1.493598178904560E-01 1.488840798680430E-01 -6.032786305223250E-01 5.146652812396442E-01 -7.662466630288716E-01 9.428170018018749E-01 -1.399355367699567E-01 -9.999758508213284E-01 1.567423540096315E+00 -9.068263886591427E-01 9.300581009899113E-01 -2.195302045856694E+00 2.831266998972755E+00 -2.141285195777808E+00 7.067215742584214E-01 -1.222646872949855E+00 -4.852705167258364E-01 2.428871847371669E+00 -2.957959773531293E-01 -5.308103325983826E-01 1.629212720258544E-01 -2.728127586918889E-01 1.796813309406641E-01 7.785891021506780E-02 -9.170630302052196E-02 
-5.146652812396448E-01 6.032786305223263E-01 -1.488840798680419E-01 -1.493598178904550E-01 7.511743740332151E-02 2.574879653447457E-01 -3.439687198531335E-01 9.068263886591456E-01 -1.567423540096318E+00 9.999758508213314E-01 1.399355367699543E-01 -9.428170018018724E-01 7.662466630288691E-01 -7.067215742584245E-01 2.141285195777809E+00 -2.831266998972755E+00 2.195302045856693E+00 -9.300581009899097E-01 2.957959773531282E-01 -2.428871847371667E+00 4.852705167258362E-01 1.222646872949855E+00 2.728127586918878E-01 -1.629212720258573E-01 5.308103325983837E-01 -7.785891021506676E-02 -1.796813309406624E-01 9.170630302052085E-02 
1.571924772245813E+00 -2.281949355188882E+00 1.162890865095712E+00 1.406193332921478E-02 -4.965325549547189E-01 -8.302583013530564E-02 4.479014360637967E-01 -2.281949355188884E+00 4.745245254807434E+00 -4.398843139842479E+00 2.036073753681079E+00 1.115917887192764E+00 -1.303958192350685E+00 1.162890865095712E+00 -4.398843139842473E+00 6.876792247865404E+00 -7.645246843682697E+00 2.375448407172253E+00 1.406193332921257E-02 2.036073753681070E+00 -7.645246843682704E+00 6.332485761641189E+00 -4.965325549547178E-01 1.115917887192764E+00 3.684791665835042E-01 -8.302583013530562E-02 -3.964137210818638E-01 1.354014360637949E-01 
3.639795247939379E-01 -7.325463390613385E-02 -3.922367444908698E-02 -2.517828114618648E-01 -7.077242720411206E-02 1.242432810805075E+00 -1.345023169351653E+00 -9.402074782636286E-01 2.414733892043744E-01 5.537569672403935E-01 1.143304170242399E+00 -3.456170951798928E+00 2.610816436610341E+00 1.548242499565059E+00 -1.042191731137134E+00 -3.257663464174982E+00 5.188391659139166E+00 -2.452781655413905E+00 -2.868894502468214E+00 8.624435201174290E+00 -6.396936411823850E+00 1.685936367970128E+00 -6.506027930532848E+00 6.769317312562303E+00 -4.828334851803248E-01 -2.340247394947657E-02 -1.027593665809470E+00 2.626741276181475E-01 
-4.024679021314239E-01 2.311956531074417E-01 6.222114469692577E-02 6.831011265998473E-16 -6.222114469692552E-02 -2.311956531074418E-01 4.024679021314238E-01 9.094906928262310E-01 -7.642049526800273E-01 -9.845544117232795E-02 9.845544117232721E-02 7.642049526800255E-01 -9.094906928262277E-01 -1.130698392657445E+00 1.567578420849361E+00 2.066016241469639E-15 -1.567578420849360E+00 1.130698392657441E+00 1.287897286820556E+00 -3.401953612461297E+00 3.401953612461296E+00 -1.287897286820552E+00 -1.546174524055623E+00 -1.886564549118374E-15 1.546174524055622E+00 -6.342976128540680E-01 6.342976128540690E-01 1.110223024625157E-16 
1.345023169351650E+00 -1.242432810805073E+00 7.077242720411085E-02 2.517828114618634E-01 3.922367444908716E-02 7.325463390613615E-02 -3.639795247939358E-01 -2.610816436610343E+00 3.456170951798929E+00 -1.143304170242401E+00 -5.537569672403868E-01 -2.414733892043815E-01 9.402074782636310E-01 2.452781655413912E+00 -5.188391659139162E+00 3.257663464174975E+00 1.042191731137146E+00 -1.548242499565060E+00 -1.685936367970134E+00 6.396936411823845E+00 -8.624435201174292E+00 2.868894502468208E+00 4.828334851803305E-01 -6.769317312562308E+00 6.506027930532857E+00 1.027593665809470E+00 2.340247394947037E-02 -2.626741276181452E-01 
-3.343382496559686E-01 2.041089894501120E-02 2.857613168759568E-02 1.942963420565594E-02 1.307651838517964E-01 3.442497157087426E-01 -8.439773500154529E-01 8.774655978942867E-01 -1.001590615422859E-01 -9.869462071486645E-02 -2.755995418767787E-01 -1.167291801379801E+00 1.985656364247199E+00 -1.362385171331391E+00 2.682264060356910E-01 4.951104840739147E-01 2.344788531765865E+00 -2.589139777647828E+00 2.170508397626911E+00 -9.459224280501725E-01 -4.496281557246641E+00 3.117477922832165E+00 -4.282052272384695E+00 1.033663482987604E+01 -3.690760330301437E+00 -7.125074416831678E+00 4.384712827957431E+00 7.876636522706884E-01 
8.439773500154555E-01 -3.442497157087461E-01 -1.307651838517992E-01 -1.942963420565702E-02 -2.857613168759521E-02 -2.041089894500947E-02 3.343382496559671E-01 -1.985656364247210E+00 1.167291801379811E+00 2.755995418767825E-01 9.869462071486623E-02 1.001590615422817E-01 -8.774655978942780E-01 2.589139777647836E+00 -2.344788531765878E+00 -4.951104840739140E-01 -2.682264060356818E-01 1.362385171331383E+00 -3.117477922832167E+00 4.496281557246662E+00 9.459224280501459E-01 -2.170508397626902E+00 3.690760330301424E+00 -1.033663482987606E+01 4.282052272384705E+00 -4.384712827957410E+00 7.125074416831664E+00 -7.876636522706821E-01 
4.999999999999933E-01 1.200251468720895E-15 -2.119615822482576E-15 -4.440892098500626E-16 1.748378817356690E-16 -6.164100786725874E-16 -5.000000000000036E-01 -1.317373435702422E+00 -4.546707710602543E-15 2.161353633095073E-15 -2.450358190560997E-15 -1.503597823393527E-16 1.317373435702439E+00 2.049964813076727E+00 1.657065715267767E-14 -5.225876543343246E-15 -2.965811491067803E-16 -2.049964813076746E+00 -3.199999999999977E+00 -2.460904611995608E-14 -1.090051042363233E-16 3.200000000000006E+00 5.668985225545469E+00 5.506706202140776E-14 -5.668985225545527E+00 -1.420157660291980E+01 1.420157660291980E+01 1.243449787580175E-14 
% s collocation differentation matrix
-1.049999999999999E+01 -1.559886739477807E-15 1.414647707324568E-15 1.469643176268400E-15 -3.661026688905530E-15 3.666998040486888E-15 1.094536823848679E-16 1.420157660291982E+01 -4.512675528291827E-15 -7.474799918174465E-15 7.782739795462191E-15 -3.056973266394468E-15 -5.558522645590394E-15 -5.668985225545514E+00 -2.692725257591236E-15 -3.378876890173279E-16 6.658150718254745E-15 3.182124513768532E-15 3.200000000000002E+00 4.204729823159894E-15 -5.256604923331832E-15 -5.633376409162300E-15 -2.049964813076745E+00 5.486352873359004E-15 3.412694710165555E-15 1.317373435702435E+00 -4.140827122629992E-15 -5.000000000000013E-01 
-1.655262361973604E+00 -7.125074416831675E+00 -8.262240580904070E-01 5.719017095285335E-01 -4.010453740426706E-01 2.752184182584940E-01 -1.077263792605190E-01 4.384712827957420E+00 1.033663482987603E+01 -9.459224280501549E-01 2.682264060356870E-01 -1.001590615422816E-01 2.041089894500418E-02 -3.690760330301434E+00 -4.496281557246644E+00 4.951104840739208E-01 -9.869462071486373E-02 2.857613168759928E-02 3.117477922832166E+00 2.344788531765858E+00 -2.755995418767828E-01 1.942963420565230E-02 -2.589139777647826E+00 -1.167291801379795E+00 1.307651838518032E-01 1.985656364247200E+00 3.442497157087353E-01 -8.439773500154515E-01 
8.879307931334928E-01 -2.239206757119450E+00 -6.506027930532852E+00 -6.021964153822147E-01 4.818005955586927E-01 -3.238166427460524E-01 1.378801238513603E-01 -1.027593665809478E+00 6.769317312562309E+00 8.624435201174306E+00 -1.042191731137145E+00 2.414733892043792E-01 -7.325463390613857E-02 -4.828334851803245E-01 -6.396936411823852E+00 -3.257663464174986E+00 5.537569672403904E-01 -3.922367444908346E-02 1.685936367970129E+00 5.188391659139159E+00 1.143304170242404E+00 -2.517828114618657E-01 -2.452781655413906E+00 -3.456170951798928E+00 -7.077242720410616E-02 2.610816436610344E+00 1.242432810805067E+00 -1.345023169351653E+00 
-4.479014360637947E-01 1.303958192350691E+00 -2.375448407172257E+00 -6.332485761641190E+00 -3.684791665834990E-01 3.964137210818631E-01 -1.354014360637944E-01 8.302583013531044E-02 -1.115917887192772E+00 7.645246843682702E+00 7.645246843682695E+00 -1.115917887192758E+00 8.302583013530400E-02 4.965325549547167E-01 -2.036073753681065E+00 -6.876792247865405E+00 -2.036073753681079E+00 4.965325549547224E-01 -1.406193332920847E-02 4.398843139842461E+00 4.398843139842471E+00 -1.406193332921647E-02 -1.162890865095711E+00 -4.745245254807417E+00 -1.162890865095712E+00 2.281949355188879E+00 2.281949355188870E+00 -1.571924772245806E+00 
3.639795247939359E-01 -9.402074782636307E-01 1.548242499565062E+00 -2.868894502468212E+00 -6.506027930532849E+00 -2.340247394947916E-02 2.626741276181507E-01 -7.325463390613537E-02 2.414733892043749E-01 -1.042191731137143E+00 8.624435201174299E+00 6.769317312562317E+00 -1.027593665809479E+00 -3.922367444908594E-02 5.537569672403974E-01 -3.257663464174977E+00 -6.396936411823860E+00 -4.828334851803308E-01 -2.517828114618652E-01 1.143304170242396E+00 5.188391659139165E+00 1.685936367970133E+00 -7.077242720411103E-02 -3.456170951798916E+00 -2.452781655413914E+00 1.242432810805074E+00 2.610816436610333E+00 -1.345023169351651E+00 
-3.343382496559666E-01 8.774655978942816E-01 -1.362385171331382E+00 2.170508397626896E+00 -4.282052272384691E+00 -7.125074416831668E+00 7.876636522706796E-01 2.041089894500775E-02 -1.001590615422823E-01 2.682264060356835E-01 -9.459224280501530E-01 1.033663482987605E+01 4.384712827957404E+00 2.857613168759671E-02 -9.869462071486289E-02 4.951104840739142E-01 -4.496281557246654E+00 -3.690760330301424E+00 1.942963420565403E-02 -2.755995418767841E-01 2.344788531765871E+00 3.117477922832167E+00 1.307651838518017E-01 -1.167291801379795E+00 -2.589139777647834E+00 3.442497157087430E-01 1.985656364247198E+00 -8.439773500154522E-01 
5.000000000000008E-01 -1.317373435702432E+00 2.049964813076738E+00 -3.199999999999999E+00 5.668985225545514E+00 -1.420157660291982E+01 -1.412203687323199E-14 -2.904145382690048E-15 -9.059275410189324E-15 9.554717043477014E-15 -8.327040158232187E-15 6.629793882963270E-15 1.420157660291981E+01 1.016169794538358E-14 -2.888778847774032E-15 1.481912866508844E-15 1.193415621136886E-15 -5.668985225545495E+00 -2.594532764572498E-15 -1.997654070563415E-16 6.142219142383014E-16 3.199999999999994E+00 2.588403953053365E-15 3.615103077664316E-15 -2.049964813076742E+00 1.738650111494396E-15 1.317373435702428E+00 -4.999999999999988E-01 
-2.442926014244283E+00 -4.013006935167858E-16 4.191208481930897E-16 1.062804173749492E-15 8.498500483540107E-16 5.590826144489685E-16 1.004643882774835E-15 -9.596362932598175E-15 1.167250643682457E-15 -1.117460691432932E-15 -3.040051402643866E-15 -1.857040758359457E-15 -2.748785535403144E-16 3.455828214294287E+00 -3.701332318813460E-16 7.258179954083777E-16 3.742745263716534E-15 -1.208304091683741E-16 -1.598606688098365E+00 6.838375208834809E-16 -1.701769350868040E-15 -1.407614527549329E-15 9.613397972887099E-01 6.541341879718404E-16 6.863136334235230E-17 -6.022471796357844E-01 8.416124228035256E-17 2.266118703954455E-01 
5.517000562263974E-01 -1.554401666328814E+00 -3.692128423999681E-01 1.896527659734807E-01 -1.456346499093809E-01 1.094119850117919E-01 -4.768823798974151E-02 -9.201040534747423E-01 -5.151499637263726E-01 -1.922050612666496E-01 1.352424016079687E-01 -6.856554389690823E-02 2.371327225942745E-02 1.176961681655654E+00 3.209748551194648E+00 -1.206297624012153E-01 8.965120381041104E-04 4.395998819369091E-04 -1.098244520847075E+00 -1.432336019241387E+00 9.935195321042913E-02 9.133602269943861E-04 9.850637427480611E-01 6.956394087831191E-01 -6.178154481498951E-02 -8.000787078144375E-01 -2.074823808480134E-01 3.547796641416827E-01 
-4.126642867882275E-01 8.314554907379837E-01 -1.249386781447319E+00 -4.515473135540342E-01 2.067986037993627E-01 -1.517572906920543E-01 5.997042058654131E-02 4.977110615947810E-01 -1.638012969082958E+00 -5.856917240018543E-01 -8.630623039430564E-02 1.156755598906540E-01 -2.257939151133484E-02 -1.791233795562400E-01 2.272433646674199E+00 2.840099123499082E+00 -2.121587694560589E-01 -1.538938367572036E-02 -3.038599626285066E-01 -2.076178220791592E+00 -9.736740982471944E-01 1.391245285700363E-01 6.967322107608557E-01 1.520177827961114E+00 1.502988750901079E-01 -8.866398882547009E-01 -5.887202673933677E-01 5.032126083107509E-01 
3.439687198531344E-01 -7.662466630288707E-01 9.300581009899113E-01 -1.222646872949857E+00 -5.308103325983818E-01 1.796813309406630E-01 -9.170630302052146E-02 -2.574879653447474E-01 9.428170018018739E-01 -2.195302045856697E+00 -4.852705167258340E-01 1.629212720258519E-01 7.785891021506768E-02 -7.511743740332147E-02 -1.399355367699581E-01 2.831266998972762E+00 2.428871847371670E+00 -2.728127586918885E-01 1.493598178904559E-01 -9.999758508213292E-01 -2.141285195777811E+00 -2.957959773531290E-01 1.488840798680423E-01 1.567423540096312E+00 7.067215742584241E-01 -6.032786305223259E-01 -9.068263886591406E-01 5.146652812396446E-01 
-4.024679021314232E-01 9.094906928262304E-01 -1.130698392657443E+00 1.287897286820555E+00 -1.546174524055619E+00 -6.342976128540707E-01 -1.522349214819690E-15 2.311956531074415E-01 -7.642049526800269E-01 1.567578420849359E+00 -3.401953612461295E+00 -9.194980861537708E-15 6.342976128540749E-01 6.222114469692605E-02 -9.845544117232791E-02 -1.472640922173014E-15 3.401953612461296E+00 1.546174524055627E+00 -1.904503016780689E-17 9.845544117233039E-02 -1.567578420849361E+00 -1.287897286820556E+00 -6.222114469692450E-02 7.642049526800206E-01 1.130698392657446E+00 -2.311956531074424E-01 -9.094906928262271E-01 4.024679021314236E-01 
8.439773500154555E-01 -1.985656364247198E+00 2.589139777647823E+00 -3.117477922832157E+00 3.690760330301425E+00 -4.384712827957426E+00 -7.876636522706941E-01 -3.442497157087454E-01 1.167291801379795E+00 -2.344788531765864E+00 4.496281557246631E+00 -1.033663482987603E+01 7.125074416831689E+00 -1.307651838517935E-01 2.755995418767796E-01 -4.951104840739144E-01 9.459224280501647E-01 4.282052272384694E+00 -1.942963420565635E-02 9.869462071486756E-02 -2.682264060356874E-01 -2.170508397626909E+00 -2.857613168759393E-02 1.001590615422803E-01 1.362385171331390E+00 -2.041089894501180E-02 -8.774655978942814E-01 3.343382496559681E-01 
6.252566655153421E-01 2.267668701924768E-16 -3.042376265543145E-16 2.220446049250313E-16 6.044315700397833E-16 -1.547886059243364E-16 -5.551115123125783E-17 -2.215804283169974E+00 7.398219993929767E-17 8.881784197001252E-16 -2.596300185234542E-16 -3.675489182481660E-16 4.440892098500626E-16 4.107825191113079E-15 -5.113937998256910E-17 -1.337345539501736E-16 -1.252240576226833E-15 1.110223024625157E-16 2.266698087085997E+00 -4.551290537845773E-16 2.099735883646718E-15 1.370431546021678E-16 -1.066441904006374E+00 -1.110223024625157E-15 -3.330669073875470E-16 6.163908355175797E-01 2.220446049250313E-16 -2.260994009425755E-01 
-3.209579837677059E-01 4.198521513797139E-01 9.368937913564808E-02 -8.063985275379158E-03 -9.989363497566253E-03 2.018650040444167E-02 -1.145267292889298E-02 6.517741597973219E-01 -1.800934241108817E+00 -1.564382006974655E-01 6.510697498621457E-02 -4.724571213519824E-02 1.455836312895427E-02 -7.185764488489401E-01 -1.004212072760083E-01 8.832124526319948E-03 2.630175257413625E-02 1.414795222065950E-03 7.710995593958215E-01 2.108995815462385E+00 -7.222323268610507E-02 -1.023528932041924E-02 -7.232594971905468E-01 -8.271414419112162E-01 5.972805372760451E-02 6.144893723368149E-01 2.349085738334089E-01 -2.839982992665915E-01 
3.664137459237402E-01 -5.487742413505634E-01 3.170898270777203E-01 1.489387502073244E-01 -2.156283835892664E-02 1.747528525458982E-02 2.524579157067524E-16 -5.662495266051540E-01 1.303114435099505E+00 -1.835627635179340E+00 -1.904351165417198E-01 1.389507639559531E-15 -1.747528525459043E-02 3.386526654366483E-01 -1.645192518637619E+00 1.933938459747056E-15 1.904351165417175E-01 2.156283835892780E-02 -3.124826064199147E-16 1.645192518637618E+00 1.835627635179339E+00 -1.489387502073246E-01 -3.386526654366476E-01 -1.303114435099502E+00 -3.170898270777207E-01 5.662495266051533E-01 5.487742413505607E-01 -3.664137459237399E-01 
-5.146652812396441E-01 9.068263886591442E-01 -7.067215742584229E-01 2.957959773531297E-01 2.728127586918868E-01 -7.785891021506738E-02 9.170630302052138E-02 6.032786305223268E-01 -1.567423540096318E+00 2.141285195777811E+00 -2.428871847371669E+00 -1.629212720258544E-01 -1.796813309406631E-01 -1.488840798680437E-01 9.999758508213316E-01 -2.831266998972759E+00 4.852705167258348E-01 5.308103325983825E-01 -1.493598178904551E-01 1.399355367699555E-01 2.195302045856697E+00 1.222646872949855E+00 7.511743740332089E-02 -9.428170018018704E-01 -9.300581009899120E-01 2.574879653447468E-01 7.662466630288682E-01 -3.439687198531323E-01 
1.345023169351650E+00 -2.610816436610339E+00 2.452781655413903E+00 -1.685936367970124E+00 4.828334851803249E-01 1.027593665809472E+00 -2.626741276181478E-01 -1.242432810805074E+00 3.456170951798923E+00 -5.188391659139159E+00 6.396936411823838E+00 -6.769317312562294E+00 2.340247394947607E-02 7.077242720411148E-02 -1.143304170242401E+00 3.257663464174982E+00 -8.624435201174295E+00 6.506027930532849E+00 2.517828114618690E-01 -5.537569672403920E-01 1.042191731137138E+00 2.868894502468210E+00 3.922367444908295E-02 -2.414733892043749E-01 -1.548242499565061E+00 7.325463390613883E-02 9.402074782636275E-01 -3.639795247939342E-01 
-3.125000000000004E-01 -2.767395346158102E-16 1.310339253176802E-16 -2.723763670596202E-16 -2.561550930359572E-17 -1.348408270629140E-16 1.079866440125476E-15 9.075444712688219E-01 -2.085180677754986E-16 9.890689669343142E-17 -5.210268248823582E-16 5.614223049915200E-17 1.792119365032800E-17 -2.006969240588753E+00 -3.112799938866592E-16 8.874658268010588E-16 -2.668115801488198E-16 -4.456366921232197E-16 -6.178370026812112E-16 -1.189532757043934E-15 -2.857186466721243E-16 2.811807209340444E-16 2.006969240588753E+00 1.442615594400822E-15 4.012916629526159E-16 -9.075444712688217E-01 -1.205589556645032E-16 3.125000000000009E-01 
2.839982992665912E-01 -2.349085738334104E-01 -5.972805372760349E-02 1.023528932041916E-02 -1.414795222065533E-03 -1.455836312895437E-02 1.145267292889266E-02 -6.144893723368160E-01 8.271414419112176E-01 7.222323268610499E-02 -2.630175257413645E-02 4.724571213519736E-02 -2.018650040444002E-02 7.232594971905489E-01 -2.108995815462388E+00 -8.832124526323920E-03 -6.510697498621218E-02 9.989363497564793E-03 -7.710995593958202E-01 1.004212072760124E-01 1.564382006974660E-01 8.063985275378820E-03 7.185764488489388E-01 1.800934241108813E+00 -9.368937913564870E-02 -6.517741597973209E-01 -4.198521513797114E-01 3.209579837677061E-01 
-5.032126083107515E-01 5.887202673933714E-01 -1.502988750901073E-01 -1.391245285700368E-01 1.538938367571848E-02 2.257939151133550E-02 -5.997042058654064E-02 8.866398882547030E-01 -1.520177827961119E+00 9.736740982471960E-01 2.121587694560611E-01 -1.156755598906567E-01 1.517572906920539E-01 -6.967322107608585E-01 2.076178220791595E+00 -2.840099123499079E+00 8.630623039430642E-02 -2.067986037993639E-01 3.038599626285088E-01 -2.272433646674199E+00 5.856917240018462E-01 4.515473135540362E-01 1.791233795562383E-01 1.638012969082957E+00 1.249386781447321E+00 -4.977110615947806E-01 -8.314554907379812E-01 4.126642867882269E-01 
1.571924772245809E+00 -2.281949355188882E+00 1.162890865095711E+00 1.406193332921567E-02 -4.965325549547181E-01 -8.302583013530564E-02 1.354014360637967E-01 -2.281949355188885E+00 4.745245254807434E+00 -4.398843139842479E+00 2.036073753681078E+00 1.115917887192763E+00 -3.964137210818634E-01 1.162890865095716E+00 -4.398843139842477E+00 6.876792247865403E+00 -7.645246843682695E+00 3.684791665835018E-01 1.406193332921442E-02 2.036073753681074E+00 -7.645246843682707E+00 6.332485761641188E+00 -4.965325549547175E-01 1.115917887192766E+00 2.375448407172259E+00 -8.302583013530945E-02 -1.303958192350684E+00 4.479014360637955E-01 
2.260994009425752E-01 1.314109338430739E-16 7.516103301997560E-18 6.267704752123754E-17 2.578193272114873E-16 -5.678026289946317E-17 3.117238154784814E-16 -6.163908355175807E-01 -1.854241073397739E-16 -2.631006438664670E-16 -1.480306735412919E-17 4.747077401977382E-16 -9.971033992037086E-16 1.066441904006376E+00 -5.900338396258418E-17 -2.480137158841387E-16 -1.065376214834768E-15 1.124976090950719E-15 -2.266698087086001E+00 1.416019536397676E-16 1.227309327845555E-15 -1.197457749492225E-15 5.778333870665592E-15 -1.807571300458454E-15 1.219328042714732E-15 2.215804283169971E+00 -1.671599374887997E-15 -6.252566655153435E-01 
-3.547796641416816E-01 2.074823808480150E-01 6.178154481498845E-02 -9.133602269946945E-04 -4.395998819375424E-04 -2.371327225942670E-02 4.768823798974084E-02 8.000787078144391E-01 -6.956394087831204E-01 -9.935195321043049E-02 -8.965120381025919E-04 6.856554389690589E-02 -1.094119850117918E-01 -9.850637427480642E-01 1.432336019241392E+00 1.206297624012171E-01 -1.352424016079691E-01 1.456346499093813E-01 1.098244520847075E+00 -3.209748551194651E+00 1.922050612666457E-01 -1.896527659734803E-01 -1.176961681655651E+00 5.151499637263789E-01 3.692128423999698E-01 9.201040534747422E-01 1.554401666328807E+00 -5.517000562263967E-01 
1.345023169351649E+00 -1.242432810805073E+00 7.077242720411155E-02 2.517828114618636E-01 3.922367444908695E-02 7.325463390613593E-02 -1.378801238513607E-01 -2.610816436610341E+00 3.456170951798927E+00 -1.143304170242401E+00 -5.537569672403871E-01 -2.414733892043793E-01 3.238166427460510E-01 2.452781655413910E+00 -5.188391659139158E+00 3.257663464174976E+00 1.042191731137143E+00 -4.818005955586884E-01 -1.685936367970131E+00 6.396936411823839E+00 -8.624435201174293E+00 6.021964153822156E-01 4.828334851803298E-01 -6.769317312562301E+00 6.506027930532853E+00 1.027593665809475E+00 2.239206757119436E+00 -8.879307931334897E-01 
-2.266118703954452E-01 -2.551391421016782E-16 2.169004695270486E-16 -1.341634432832394E-16 -4.295232032380411E-16 1.170492277302480E-16 1.283974912229053E-16 6.022471796357868E-01 -3.130909641026861E-16 6.337105878954006E-16 8.898783860046322E-16 2.728392759996855E-16 -9.503505867897819E-16 -9.613397972887131E-01 6.750826371015578E-16 -6.287564494576673E-17 -5.475116984058833E-16 7.857404066749589E-16 1.598606688098367E+00 -1.836075997841303E-15 9.756070565251762E-16 -1.584465651577216E-16 -3.455828214294277E+00 -2.522314202216969E-15 3.799078970018039E-17 -1.843844058291070E-14 3.623014859300053E-15 2.442926014244299E+00 
8.439773500154554E-01 -3.442497157087453E-01 -1.307651838517996E-01 -1.942963420565746E-02 -2.857613168759537E-02 -2.041089894501025E-02 1.077263792605213E-01 -1.985656364247208E+00 1.167291801379810E+00 2.755995418767820E-01 9.869462071486712E-02 1.001590615422831E-01 -2.752184182584931E-01 2.589139777647837E+00 -2.344788531765874E+00 -4.951104840739193E-01 -2.682264060356863E-01 4.010453740426729E-01 -3.117477922832172E+00 4.496281557246659E+00 9.459224280501559E-01 -5.719017095285337E-01 3.690760330301424E+00 -1.033663482987605E+01 8.262240580904083E-01 -4.384712827957416E+00 7.125074416831671E+00 1.655262361973608E+00 
4.999999999999984E-01 -2.747738237852133E-16 -6.128509076374120E-16 -8.881784197001252E-16 -1.179723260309540E-15 8.969445987014909E-16 -1.554312234475219E-15 -1.317373435702430E+00 9.268090796573373E-16 3.108624468950438E-15 1.383539690075800E-15 -2.101075952892810E-15 3.996802888650564E-15 2.049964813076735E+00 5.125968592379125E-16 -1.266190456909410E-15 3.298900253574116E-15 -3.996802888650564E-15 -3.199999999999984E+00 -2.980906124376734E-15 -7.113900822232046E-15 3.108624468950438E-15 5.668985225545480E+00 8.881784197001252E-15 -2.664535259100376E-15 -1.420157660291982E+01 4.884981308350689E-15 1.050000000000001E+01 
% FaceNodes
0 1 2 3 4 5 6 
6 12 17 21 24 26 27 
0 7 13 18 22 25 27 
% LIFT matrix
1.749999999999998E+01 1.420157660291982E+01 -5.668985225545487E+00 3.199999999999997E+00 -2.049964813076725E+00 1.317373435702455E+00 -4.999999999999943E-01 6.666666666666661E-01 3.875564663061937E+00 6.044435336938099E+00 6.826666666666669E+00 6.044435336938073E+00 3.875564663061943E+00 6.666666666666697E-01 1.750000000000000E+01 1.420157660291981E+01 -5.668985225545532E+00 3.200000000000013E+00 -2.049964813076747E+00 1.317373435702443E+00 -5.000000000000016E-01 
2.442926014244284E+00 2.100000000000000E+01 5.840604097733576E+00 -1.925512738508282E+00 1.028072421514269E+00 -6.127016653792431E-01 2.266118703954507E-01 -2.572641032545199E-01 -1.624995011332063E+00 -2.644902891353605E+00 -2.083798642625271E+00 5.424161294452474E-01 2.498625066348863E+00 6.666662301245089E-01 1.273890250899406E+00 -5.389033800097592E+00 1.514049320869592E+00 -3.599055929826935E-01 4.925438798976631E-02 2.698577024508286E-02 -1.849355957042148E-02 
-6.252566655153458E-01 3.744872364467619E+00 2.100000000000002E+01 4.834603647599204E+00 -1.387298334620721E+00 6.591783890118565E-01 -2.260994009425735E-01 1.609480712394290E-01 1.355369965371521E+00 2.365682720547698E+00 7.654186078185524E-02 -2.648832706064250E+00 3.487735795531955E-01 6.662573345232268E-01 -4.208749952429194E-01 2.734989018328893E+00 1.122574773146344E+00 -2.156754479669243E+00 1.815659853872613E+00 -1.254444877096667E+00 4.835915326136467E-01 
3.125000000000019E-01 -1.093132196431390E+00 4.280632196431403E+00 2.100000000000001E+01 4.280632196431404E+00 -1.093132196431389E+00 3.125000000000008E-01 -7.031249999999768E-02 -1.405080422639710E+00 -2.483225214348606E+00 2.250000000000003E+00 1.172193321929346E-02 -1.139041296230993E+00 6.484374999999996E-01 -7.031250000000029E-02 -1.405080422639708E+00 -2.483225214348606E+00 2.250000000000001E+00 1.172193321929328E-02 -1.139041296230989E+00 6.484375000000021E-01 
-2.260994009425743E-01 6.591783890118587E-01 -1.387298334620719E+00 4.834603647599211E+00 2.100000000000001E+01 3.744872364467621E+00 -6.252566655153414E-01 -4.208749952429239E-01 2.734989018328896E+00 1.122574773146353E+00 -2.156754479669247E+00 1.815659853872616E+00 -1.254444877096675E+00 4.835915326136454E-01 1.609480712394313E-01 1.355369965371521E+00 2.365682720547697E+00 7.654186078185866E-02 -2.648832706064256E+00 3.487735795531918E-01 6.662573345232269E-01 
2.266118703954497E-01 -6.127016653792403E-01 1.028072421514260E+00 -1.925512738508275E+00 5.840604097733583E+00 2.100000000000000E+01 2.442926014244287E+00 1.273890250899393E+00 -5.389033800097600E+00 1.514049320869589E+00 -3.599055929826962E-01 4.925438798976947E-02 2.698577024507889E-02 -1.849355957042134E-02 -2.572641032545226E-01 -1.624995011332054E+00 -2.644902891353605E+00 -2.083798642625286E+00 5.424161294452459E-01 2.498625066348839E+00 6.666662301245054E-01 
