******************************************
Nodal r-coordinates
10 1
-1.000000000000000 
-0.447213595499958 
0.447213595499958 
1.000000000000000 
-1.000000000000000 
-0.333333333333333 
0.447213595499958 
-1.000000000000000 
-0.447213595499958 
-1.000000000000000 
******************************************
Nodal s-coordinates
10 1
-1.000000000000000 
-1.000000000000000 
-1.000000000000000 
-1.000000000000000 
-0.447213595499958 
-0.333333333333333 
-0.447213595499958 
0.447213595499958 
0.447213595499958 
1.000000000000000 
******************************************
Nodal Dr differentiation matrix
10 10
-3.000000000000000 4.045084971874735 -1.545084971874735 0.500000000000000 -0.000000000000000 0.000000000000001 -0.000000000000000 0.000000000000000 -0.000000000000000 0.000000000000000 
-0.809016994374948 0.000000000000001 1.118033988749894 -0.309016994374947 0.000000000000000 -0.000000000000000 -0.000000000000000 -0.000000000000000 0.000000000000000 -0.000000000000000 
0.309016994374947 -1.118033988749895 -0.000000000000000 0.809016994374948 -0.000000000000000 0.000000000000000 0.000000000000000 -0.000000000000000 0.000000000000000 0.000000000000000 
-0.500000000000000 1.545084971874735 -4.045084971874735 3.000000000000000 -0.000000000000000 0.000000000000000 0.000000000000000 0.000000000000000 -0.000000000000000 0.000000000000000 
-0.709016994374948 1.618033988749895 -1.309016994374947 0.600000000000000 -2.000000000000000 2.699999999999998 -0.618033988749894 -0.190983005625052 -0.190983005625053 0.100000000000000 
0.333333333333334 -0.621129993749942 0.621129993749942 -0.333333333333333 -0.727231663541637 0.000000000000001 0.727231663541637 -0.106101669791696 0.106101669791696 0.000000000000000 
-0.600000000000000 1.309016994374947 -1.618033988749893 0.709016994374947 0.618033988749895 -2.700000000000000 2.000000000000000 0.190983005625052 0.190983005625052 -0.100000000000000 
0.409016994374948 -0.190983005625054 -0.618033988749894 0.599999999999999 -1.309016994374947 2.699999999999999 -1.309016994374946 -1.999999999999999 1.618033988749895 0.099999999999999 
-0.600000000000000 0.618033988749895 0.190983005625052 -0.409016994374947 1.309016994374947 -2.699999999999998 1.309016994374946 -1.618033988749896 2.000000000000000 -0.100000000000000 
-0.500000000000000 0.000000000000000 -0.000000000000000 0.500000000000000 1.545084971874737 0.000000000000000 -1.545084971874737 -4.045084971874736 4.045084971874738 -0.000000000000001 
******************************************
Nodal Ds differentiation matrix
10 10
-3.000000000000001 0.000000000000001 -0.000000000000000 0.000000000000000 4.045084971874736 0.000000000000001 -0.000000000000000 -1.545084971874737 0.000000000000001 0.500000000000000 
-0.709016994374948 -2.000000000000000 -0.190983005625053 0.100000000000000 1.618033988749895 2.700000000000000 -0.190983005625053 -1.309016994374947 -0.618033988749894 0.600000000000000 
0.409016994374948 -1.309016994374948 -2.000000000000000 0.100000000000000 -0.190983005625053 2.700000000000000 1.618033988749895 -0.618033988749895 -1.309016994374947 0.600000000000000 
-0.499999999999999 1.545084971874735 -4.045084971874735 0.000000000000000 -0.000000000000001 0.000000000000000 4.045084971874737 0.000000000000001 -1.545084971874739 0.500000000000000 
-0.809016994374948 0.000000000000000 0.000000000000000 -0.000000000000000 0.000000000000001 -0.000000000000001 0.000000000000000 1.118033988749895 -0.000000000000000 -0.309016994374947 
0.333333333333334 -0.727231663541638 -0.106101669791696 -0.000000000000000 -0.621129993749942 0.000000000000000 0.106101669791696 0.621129993749942 0.727231663541637 -0.333333333333333 
-0.600000000000000 1.309016994374947 -1.618033988749894 -0.100000000000000 0.618033988749894 -2.699999999999999 1.999999999999999 0.190983005625052 1.309016994374947 -0.409016994374947 
0.309016994374948 -0.000000000000000 0.000000000000000 -0.000000000000000 -1.118033988749895 -0.000000000000001 -0.000000000000000 0.000000000000001 0.000000000000000 0.809016994374947 
-0.600000000000000 0.618033988749895 0.190983005625052 -0.100000000000000 1.309016994374947 -2.699999999999998 0.190983005625052 -1.618033988749896 2.000000000000000 0.709016994374947 
-0.500000000000000 0.000000000000000 -0.000000000000000 0.000000000000000 1.545084971874737 0.000000000000000 -0.000000000000000 -4.045084971874737 0.000000000000001 3.000000000000000 
******************************************
Nodal Mass Matrix
10 10
0.023015873015873 -0.008404896780754 0.000468388844246 0.001190476190476 -0.008404896780754 0.000000000000000 0.011904761904762 0.000468388844246 0.011904761904762 0.001190476190476 
-0.008404896780754 0.138888888888889 -0.009920634920635 0.000468388844246 0.064207697966266 0.053571428571428 -0.029761904761905 -0.029761904761905 -0.024525158283726 0.011904761904762 
0.000468388844246 -0.009920634920635 0.138888888888889 -0.008404896780754 -0.029761904761905 0.053571428571429 0.064207697966266 -0.024525158283726 -0.029761904761905 0.011904761904762 
0.001190476190476 0.000468388844246 -0.008404896780754 0.023015873015873 0.011904761904762 -0.000000000000000 -0.008404896780754 0.011904761904762 0.000468388844246 0.001190476190476 
-0.008404896780754 0.064207697966266 -0.029761904761905 0.011904761904762 0.138888888888889 0.053571428571429 -0.024525158283726 -0.009920634920635 -0.029761904761905 0.000468388844246 
0.000000000000000 0.053571428571428 0.053571428571429 -0.000000000000000 0.053571428571429 0.578571428571429 0.053571428571429 0.053571428571429 0.053571428571429 0.000000000000000 
0.011904761904762 -0.029761904761905 0.064207697966266 -0.008404896780754 -0.024525158283726 0.053571428571429 0.138888888888889 -0.029761904761905 -0.009920634920635 0.000468388844246 
0.000468388844246 -0.029761904761905 -0.024525158283726 0.011904761904762 -0.009920634920635 0.053571428571429 -0.029761904761905 0.138888888888889 0.064207697966266 -0.008404896780754 
0.011904761904762 -0.024525158283726 -0.029761904761905 0.000468388844246 -0.029761904761905 0.053571428571429 -0.009920634920635 0.064207697966266 0.138888888888889 -0.008404896780754 
0.001190476190476 0.011904761904762 0.011904761904762 0.001190476190476 0.000468388844246 0.000000000000000 0.000468388844246 -0.008404896780754 -0.008404896780754 0.023015873015873 
******************************************
Nodal Face nodes
3 4
0 1 2 3 
3 6 8 9 
0 4 7 9 
******************************************
Nodal Lift Matrix
10 12
7.000000000000000 4.045084971874741 -1.545084971874733 0.500000000000001 -0.833333333333335 -4.166666666666675 -4.166666666666667 -0.833333333333333 7.000000000000001 4.045084971874749 -1.545084971874738 0.499999999999999 
0.809016994374948 8.000000000000002 1.500000000000002 -0.309016994374947 0.259115050558309 2.262951460666613 0.071968455041557 -0.805180584266644 -0.292448383891640 -2.238635121708228 1.070381872666720 -0.328152749066689 
-0.309016994374947 1.500000000000002 8.000000000000004 0.809016994374948 -0.292448383891641 -2.238635121708227 1.070381872666722 -0.328152749066689 0.259115050558308 2.262951460666614 0.071968455041558 -0.805180584266645 
0.500000000000001 -1.545084971874732 4.045084971874743 7.000000000000000 7.000000000000004 4.045084971874744 -1.545084971874741 0.500000000000000 -0.833333333333334 -4.166666666666676 -4.166666666666667 -0.833333333333334 
-0.292448383891639 -2.238635121708226 1.070381872666723 -0.328152749066690 -0.805180584266647 0.071968455041555 2.262951460666613 0.259115050558307 0.809016994374950 8.000000000000012 1.500000000000002 -0.309016994374948 
0.061728395061728 -0.987654320987655 -0.987654320987655 0.061728395061729 0.061728395061729 -0.987654320987655 -0.987654320987655 0.061728395061729 0.061728395061728 -0.987654320987656 -0.987654320987654 0.061728395061728 
-0.328152749066690 1.070381872666722 -2.238635121708225 -0.292448383891641 0.809016994374949 8.000000000000005 1.500000000000002 -0.309016994374948 -0.805180584266645 0.071968455041556 2.262951460666609 0.259115050558307 
0.259115050558307 2.262951460666609 0.071968455041560 -0.805180584266643 -0.328152749066689 1.070381872666722 -2.238635121708222 -0.292448383891642 -0.309016994374948 1.499999999999999 7.999999999999996 0.809016994374947 
-0.805180584266644 0.071968455041558 2.262951460666610 0.259115050558307 -0.309016994374948 1.500000000000000 7.999999999999997 0.809016994374948 -0.328152749066689 1.070381872666724 -2.238635121708221 -0.292448383891641 
-0.833333333333334 -4.166666666666670 -4.166666666666671 -0.833333333333334 0.499999999999999 -1.545084971874737 4.045084971874742 6.999999999999997 0.500000000000001 -1.545084971874739 4.045084971874741 7.000000000000000 
******************************************
Plotting r-coordinates
36 1
-1.000000000000000 
-0.714285714285714 
-0.428571428571429 
-0.142857142857143 
0.142857142857143 
0.428571428571429 
0.714285714285714 
1.000000000000000 
-1.000000000000000 
-0.714285714285714 
-0.428571428571429 
-0.142857142857143 
0.142857142857143 
0.428571428571429 
0.714285714285714 
-1.000000000000000 
-0.714285714285714 
-0.428571428571429 
-0.142857142857143 
0.142857142857143 
0.428571428571429 
-1.000000000000000 
-0.714285714285714 
-0.428571428571429 
-0.142857142857143 
0.142857142857143 
-1.000000000000000 
-0.714285714285714 
-0.428571428571429 
-0.142857142857143 
-1.000000000000000 
-0.714285714285714 
-0.428571428571429 
-1.000000000000000 
-0.714285714285714 
-1.000000000000000 
******************************************
Plotting s-coordinates
36 1
-1.000000000000000 
-1.000000000000000 
-1.000000000000000 
-1.000000000000000 
-1.000000000000000 
-1.000000000000000 
-1.000000000000000 
-1.000000000000000 
-0.714285714285714 
-0.714285714285714 
-0.714285714285714 
-0.714285714285714 
-0.714285714285714 
-0.714285714285714 
-0.714285714285714 
-0.428571428571429 
-0.428571428571429 
-0.428571428571429 
-0.428571428571429 
-0.428571428571429 
-0.428571428571429 
-0.142857142857143 
-0.142857142857143 
-0.142857142857143 
-0.142857142857143 
-0.142857142857143 
0.142857142857143 
0.142857142857143 
0.142857142857143 
0.142857142857143 
0.428571428571429 
0.428571428571429 
0.428571428571429 
0.714285714285714 
0.714285714285714 
1.000000000000000 
******************************************
Plotting Interpolation Matrix
36 10
1.000000000000000 0.000000000000000 0.000000000000000 0.000000000000000 0.000000000000000 0.000000000000000 0.000000000000000 0.000000000000000 0.000000000000000 0.000000000000000 
0.332361516034986 0.795058595663219 -0.182813697704036 0.055393586005831 0.000000000000000 -0.000000000000000 0.000000000000000 0.000000000000000 -0.000000000000000 -0.000000000000000 
-0.014577259475219 0.999140228316281 0.021267934949026 -0.005830903790087 -0.000000000000000 0.000000000000000 0.000000000000000 0.000000000000000 -0.000000000000000 0.000000000000000 
-0.128279883381924 0.807819356632635 0.416670439285732 -0.096209912536443 -0.000000000000000 0.000000000000000 -0.000000000000000 -0.000000000000000 -0.000000000000000 0.000000000000000 
-0.096209912536443 0.416670439285733 0.807819356632634 -0.128279883381924 -0.000000000000000 0.000000000000000 -0.000000000000000 -0.000000000000000 0.000000000000000 0.000000000000000 
-0.005830903790087 0.021267934949026 0.999140228316280 -0.014577259475219 -0.000000000000000 -0.000000000000000 0.000000000000000 -0.000000000000000 0.000000000000000 -0.000000000000000 
0.055393586005831 -0.182813697704036 0.795058595663220 0.332361516034985 0.000000000000000 -0.000000000000000 0.000000000000000 -0.000000000000000 0.000000000000000 -0.000000000000000 
0.000000000000000 0.000000000000000 0.000000000000000 1.000000000000000 0.000000000000000 0.000000000000000 0.000000000000000 0.000000000000000 0.000000000000000 0.000000000000000 
0.332361516034985 0.000000000000000 -0.000000000000000 0.000000000000000 0.795058595663219 0.000000000000000 0.000000000000000 -0.182813697704036 -0.000000000000000 0.055393586005831 
0.000000000000000 0.471730025874605 -0.180184836370232 0.069970845481050 0.471730025874605 0.393586005830904 -0.058309037900875 -0.180184836370232 -0.058309037900875 0.069970845481050 
-0.104956268221575 0.494002096501433 -0.027529793294436 0.017492711370262 0.224728977623888 0.629737609329446 -0.040290554263851 -0.166419939723014 -0.105482040488335 0.078717201166181 
-0.069970845481050 0.262390670553936 0.262390670553936 -0.069970845481050 0.054055450911070 0.708454810495627 0.054055450911070 -0.141519007762381 -0.141519007762381 0.081632653061224 
0.017492711370263 -0.027529793294436 0.494002096501433 -0.104956268221574 -0.040290554263852 0.629737609329446 0.224728977623888 -0.105482040488335 -0.166419939723014 0.078717201166181 
0.069970845481049 -0.180184836370232 0.471730025874605 0.000000000000000 -0.058309037900875 0.393586005830904 0.471730025874605 -0.058309037900875 -0.180184836370232 0.069970845481050 
0.000000000000000 -0.000000000000000 0.000000000000001 0.332361516034985 0.000000000000000 0.000000000000000 0.795058595663219 -0.000000000000000 -0.182813697704036 0.055393586005831 
-0.014577259475219 0.000000000000000 -0.000000000000000 0.000000000000000 0.999140228316280 0.000000000000000 0.000000000000000 0.021267934949026 0.000000000000000 -0.005830903790087 
-0.104956268221575 0.224728977623888 -0.166419939723014 0.078717201166181 0.494002096501433 0.629737609329446 -0.105482040488335 -0.027529793294436 -0.040290554263851 0.017492711370262 
-0.061224489795918 0.141519007762381 -0.054055450911069 0.029154518950437 0.141519007762381 0.944606413994169 -0.058309037900875 -0.054055450911069 -0.058309037900875 0.029154518950437 
0.029154518950438 -0.054055450911070 0.141519007762382 -0.061224489795918 -0.058309037900875 0.944606413994169 0.141519007762381 -0.058309037900875 -0.054055450911069 0.029154518950437 
0.078717201166181 -0.166419939723014 0.224728977623888 -0.104956268221574 -0.105482040488335 0.629737609329446 0.494002096501433 -0.040290554263851 -0.027529793294436 0.017492711370262 
-0.000000000000000 -0.000000000000000 0.000000000000000 -0.014577259475219 -0.000000000000000 -0.000000000000000 0.999140228316281 0.000000000000000 0.021267934949025 -0.005830903790087 
-0.128279883381924 0.000000000000000 0.000000000000000 -0.000000000000000 0.807819356632634 0.000000000000000 0.000000000000000 0.416670439285733 -0.000000000000000 -0.096209912536443 
-0.069970845481049 0.054055450911069 -0.141519007762381 0.081632653061224 0.262390670553935 0.708454810495627 -0.141519007762381 0.262390670553936 0.054055450911070 -0.069970845481050 
0.029154518950437 -0.058309037900875 -0.058309037900874 0.029154518950437 -0.054055450911070 0.944606413994169 -0.054055450911069 0.141519007762382 0.141519007762381 -0.061224489795918 
0.081632653061225 -0.141519007762382 0.054055450911070 -0.069970845481050 -0.141519007762382 0.708454810495626 0.262390670553936 0.054055450911069 0.262390670553936 -0.069970845481050 
0.000000000000000 -0.000000000000000 0.000000000000000 -0.128279883381924 -0.000000000000000 0.000000000000000 0.807819356632635 -0.000000000000000 0.416670439285733 -0.096209912536443 
-0.096209912536443 0.000000000000000 -0.000000000000000 0.000000000000000 0.416670439285732 -0.000000000000000 0.000000000000000 0.807819356632635 -0.000000000000000 -0.128279883381924 
0.017492711370263 -0.040290554263852 -0.105482040488335 0.078717201166181 -0.027529793294436 0.629737609329446 -0.166419939723014 0.494002096501433 0.224728977623888 -0.104956268221574 
0.078717201166181 -0.105482040488335 -0.040290554263851 0.017492711370262 -0.166419939723014 0.629737609329446 -0.027529793294436 0.224728977623888 0.494002096501433 -0.104956268221574 
0.000000000000000 -0.000000000000000 0.000000000000000 -0.096209912536443 -0.000000000000000 0.000000000000000 0.416670439285733 0.000000000000000 0.807819356632635 -0.128279883381924 
-0.005830903790087 0.000000000000000 0.000000000000000 -0.000000000000000 0.021267934949025 -0.000000000000000 0.000000000000000 0.999140228316281 -0.000000000000000 -0.014577259475218 
0.069970845481050 -0.058309037900875 -0.058309037900874 0.069970845481049 -0.180184836370232 0.393586005830903 -0.180184836370231 0.471730025874605 0.471730025874605 0.000000000000000 
0.000000000000000 -0.000000000000000 0.000000000000000 -0.005830903790087 -0.000000000000000 -0.000000000000000 0.021267934949026 0.000000000000000 0.999140228316280 -0.014577259475219 
0.055393586005831 -0.000000000000000 0.000000000000000 -0.000000000000000 -0.182813697704036 -0.000000000000000 0.000000000000000 0.795058595663219 -0.000000000000000 0.332361516034986 
0.000000000000000 -0.000000000000000 -0.000000000000000 0.055393586005831 -0.000000000000000 -0.000000000000000 -0.182813697704035 0.000000000000000 0.795058595663219 0.332361516034985 
0.000000000000000 0.000000000000000 0.000000000000000 0.000000000000000 0.000000000000000 0.000000000000000 0.000000000000000 0.000000000000000 0.000000000000000 1.000000000000000 
******************************************
Plotting triangulation
49 3
10 3 11 
0 1 8 
9 10 16 
25 19 20 
33 34 35 
30 27 31 
18 17 11 
27 22 23 
13 14 20 
1 2 9 
4 11 3 
11 4 12 
17 10 11 
2 3 10 
9 15 8 
1 9 8 
2 10 9 
21 16 22 
15 9 16 
16 21 15 
31 32 34 
21 22 26 
26 22 27 
30 31 33 
16 17 22 
16 10 17 
26 27 30 
22 17 23 
24 28 23 
28 31 27 
33 31 34 
27 23 28 
24 25 29 
32 31 28 
24 29 28 
32 28 29 
17 18 23 
19 25 24 
20 19 13 
24 23 18 
12 4 5 
12 18 11 
19 24 18 
19 12 13 
19 18 12 
13 12 5 
13 5 6 
13 6 14 
6 7 14 
******************************************
Cubature r-coordinates
19 1
-0.333333333333333 
-0.020634961602525 
-0.958730076794950 
-0.020634961602525 
-0.125820817014127 
-0.748358365971746 
-0.125820817014127 
-0.623592928761935 
0.247185857523869 
-0.623592928761935 
-0.910540973211095 
0.821081946422189 
-0.910540973211095 
0.482397197568996 
-0.556074021678469 
-0.926323175890527 
-0.556074021678469 
-0.926323175890527 
0.482397197568996 
******************************************
Cubature s-coordinates
19 1
-0.333333333333333 
-0.020634961602525 
-0.020634961602525 
-0.958730076794950 
-0.125820817014127 
-0.125820817014127 
-0.748358365971746 
-0.623592928761935 
-0.623592928761935 
0.247185857523869 
-0.910540973211095 
-0.910540973211095 
0.821081946422189 
-0.556074021678469 
0.482397197568996 
-0.556074021678469 
-0.926323175890527 
0.482397197568996 
-0.926323175890527 
******************************************
Cubature weights
19 1
0.194271592565598 
0.062669400454278 
0.062669400454278 
0.062669400454278 
0.155655082009549 
0.155655082009549 
0.155655082009549 
0.159295477854420 
0.159295477854420 
0.159295477854420 
0.051155351317396 
0.051155351317396 
0.051155351317396 
0.086567078754579 
0.086567078754579 
0.086567078754579 
0.086567078754579 
0.086567078754579 
0.086567078754579 
******************************************
Cubature Interpolation Matrix
19 10
0.000000000000000 -0.000000000000001 0.000000000000000 -0.000000000000000 -0.000000000000001 1.000000000000000 0.000000000000000 0.000000000000000 0.000000000000000 -0.000000000000000 
0.023497921583917 -0.038343591509055 0.014645948705717 -0.117211959094198 -0.038343591509055 0.133596976875851 0.562362152667652 0.014645948705717 0.562362152667652 -0.117211959094198 
-0.117211959094198 0.014645948705717 -0.038343591509055 0.023497921583917 0.562362152667651 0.133596976875851 -0.038343591509055 0.562362152667652 0.014645948705717 -0.117211959094198 
-0.117211959094198 0.562362152667652 0.562362152667652 -0.117211959094198 0.014645948705717 0.133596976875851 0.014645948705717 -0.038343591509055 -0.038343591509055 0.023497921583917 
0.080663425817257 -0.138489282737559 0.052898198928153 -0.076585279121665 -0.138489282737558 0.649018676447040 0.297335311798922 0.052898198928153 0.297335311798922 -0.076585279121666 
-0.076585279121665 0.052898198928153 -0.138489282737558 0.080663425817257 0.297335311798922 0.649018676447040 -0.138489282737558 0.297335311798922 0.052898198928153 -0.076585279121666 
-0.076585279121665 0.297335311798922 0.297335311798922 -0.076585279121665 0.052898198928153 0.649018676447040 0.052898198928153 -0.138489282737558 -0.138489282737558 0.080663425817257 
-0.086182643627461 0.413394266520179 -0.157902559056376 0.066520082326640 0.413394266520179 0.596376472385367 -0.077108704169396 -0.157902559056376 -0.077108704169396 0.066520082326640 
0.066520082326640 -0.157902559056376 0.413394266520180 -0.086182643627461 -0.077108704169396 0.596376472385367 0.413394266520179 -0.077108704169396 -0.157902559056376 0.066520082326640 
0.066520082326640 -0.077108704169396 -0.077108704169396 0.066520082326640 -0.157902559056376 0.596376472385367 -0.157902559056376 0.413394266520180 0.413394266520179 -0.086182643627461 
0.541517094029592 0.285282177844132 -0.108968095551866 0.036995070873696 0.285282177844132 0.049187143790913 -0.008661272076215 -0.108968095551866 -0.008661272076215 0.036995070873696 
0.036995070873696 -0.108968095551867 0.285282177844135 0.541517094029591 -0.008661272076215 0.049187143790914 0.285282177844132 -0.008661272076215 -0.108968095551866 0.036995070873696 
0.036995070873696 -0.008661272076215 -0.008661272076215 0.036995070873696 -0.108968095551867 0.049187143790914 -0.108968095551866 0.285282177844135 0.285282177844132 0.541517094029590 
0.036363636363637 -0.084704691175757 0.130318497248749 0.036363636363636 -0.033474587295086 0.163636363636364 0.843376465323758 -0.016550683335979 -0.111692273492959 0.036363636363637 
0.036363636363637 -0.033474587295086 -0.016550683335978 0.036363636363636 -0.084704691175757 0.163636363636364 -0.111692273492959 0.130318497248749 0.843376465323759 0.036363636363636 
0.036363636363636 0.130318497248749 -0.084704691175757 0.036363636363637 0.843376465323758 0.163636363636364 -0.033474587295086 -0.111692273492959 -0.016550683335979 0.036363636363636 
0.036363636363636 0.843376465323758 -0.111692273492959 0.036363636363636 0.130318497248749 0.163636363636364 -0.016550683335978 -0.084704691175757 -0.033474587295086 0.036363636363637 
0.036363636363637 -0.016550683335979 -0.033474587295086 0.036363636363637 -0.111692273492959 0.163636363636364 -0.084704691175757 0.843376465323759 0.130318497248749 0.036363636363636 
0.036363636363636 -0.111692273492959 0.843376465323758 0.036363636363636 -0.016550683335978 0.163636363636364 0.130318497248749 -0.033474587295086 -0.084704691175757 0.036363636363637 
******************************************
Cubature Weak Dr Differentiation Matrix
10 19
2.590287900874638 -2.423978696829128 0.535110591669714 0.535110591669715 -1.870259846545525 1.936870774283049 1.936870774283050 -1.894476678498001 -0.094386716165571 -0.094386716165568 -5.442685690140501 -1.624208473888247 -1.624208473888245 -2.940326058066969 -2.940326058066967 -3.658332866059211 -3.658332866059209 0.365829253796492 0.365829253796492 
-0.463364786212074 0.861857916231084 0.270040058531317 -0.889730468745277 0.885535371627860 0.124109247462146 -1.368038321281604 0.599405757453812 0.239387764987323 -0.466130413485301 1.526232428812269 0.762536985561817 -0.734057710549276 1.501866600226589 -0.075343199332782 1.645467961825037 0.349670128281666 -0.736574261705473 -0.455162295689473 
0.463364786212074 -0.270040058531317 -0.861857916231084 0.889730468745277 -0.124109247462146 -0.885535371627860 1.368038321281604 -0.239387764987328 -0.599405757453806 0.466130413485299 -0.762536985561820 -1.526232428812265 0.734057710549275 -1.645467961825037 0.736574261705473 -1.501866600226589 0.455162295689473 0.075343199332782 -0.349670128281666 
-2.590287900874642 -0.535110591669714 2.423978696829128 -0.535110591669715 -1.936870774283050 1.870259846545526 -1.936870774283050 0.094386716165581 1.894476678497987 0.094386716165580 1.624208473888253 5.442685690140491 1.624208473888251 3.658332866059211 -0.365829253796492 2.940326058066969 -0.365829253796492 2.940326058066967 3.658332866059209 
-0.296439590627899 0.757466437816378 -2.030871617552243 0.559712825957985 1.148888065656577 -2.923211337050142 0.594927022615941 -2.094076066393264 0.186610817863585 0.243487480151980 -1.210944104812991 -1.060771091447646 0.850452358733073 -0.445692716337048 1.598568303308151 -2.873923573846676 -0.272323387478708 -0.750172305640005 -0.192833138917235 
-0.000000000000002 -0.781324439185602 0.781324439185602 -0.000000000000000 -1.129275961783157 1.129275961783156 -0.000000000000000 0.542468222303902 -0.542468222303901 0.000000000000002 -0.048973285315608 0.048973285315609 0.000000000000001 -0.604996664860814 -0.676767215143101 0.604996664860814 -0.071770550282287 0.676767215143102 0.071770550282288 
0.296439590627906 2.030871617552242 -0.757466437816378 -0.559712825957984 2.923211337050141 -1.148888065656576 -0.594927022615939 -0.186610817863583 2.094076066393256 -0.243487480151988 1.060771091447647 1.210944104812985 -0.850452358733076 2.873923573846672 0.750172305640005 0.445692716337046 0.192833138917235 -1.598568303308151 0.272323387478707 
0.166925195584171 0.289672767426667 -1.141141148806964 -0.104391478414706 0.470817775153793 -1.555173015768536 0.263352694028716 0.004099715164658 0.652741231348884 -2.693481823847068 0.087915373171256 -0.326713380898369 -2.737176533625253 0.543741122788238 -1.917791349303743 -0.295010009950531 0.096701703081561 -3.223593702128337 -0.370349517004264 
-0.166925195584169 1.141141148806964 -0.289672767426667 0.104391478414706 1.555173015768536 -0.470817775153793 -0.263352694028716 -0.652741231348885 -0.004099715164659 2.693481823847064 0.326713380898370 -0.087915373171256 2.737176533625252 0.295010009950531 3.223593702128338 -0.543741122788239 0.370349517004264 1.917791349303744 -0.096701703081561 
0.000000000000000 0.000000000000000 0.000000000000000 0.000000000000000 0.000000000000000 0.000000000000000 0.000000000000000 0.000000000000000 0.000000000000000 0.000000000000000 0.000000000000000 0.000000000000000 0.000000000000000 0.000000000000000 0.000000000000000 0.000000000000000 0.000000000000000 0.000000000000000 0.000000000000000 
******************************************
Cubature Weak Ds Differentiation Matrix
10 19
2.590287900874639 -2.423978696829127 0.535110591669714 0.535110591669715 -1.870259846545524 1.936870774283050 1.936870774283050 -1.894476678498001 -0.094386716165572 -0.094386716165569 -5.442685690140501 -1.624208473888248 -1.624208473888246 -2.940326058066969 -2.940326058066966 -3.658332866059211 -3.658332866059209 0.365829253796491 0.365829253796490 
-0.296439590627900 0.757466437816378 0.559712825957984 -2.030871617552242 1.148888065656576 0.594927022615940 -2.923211337050140 -2.094076066393262 0.243487480151980 0.186610817863586 -1.210944104812989 0.850452358733072 -1.060771091447644 1.598568303308150 -0.445692716337046 -0.272323387478707 -2.873923573846673 -0.192833138917235 -0.750172305640005 
0.166925195584172 0.289672767426667 -0.104391478414706 -1.141141148806965 0.470817775153794 0.263352694028717 -1.555173015768536 0.004099715164658 -2.693481823847070 0.652741231348884 0.087915373171255 -2.737176533625255 -0.326713380898370 -1.917791349303745 0.543741122788238 0.096701703081561 -0.295010009950532 -0.370349517004264 -3.223593702128340 
0.000000000000001 0.000000000000001 0.000000000000001 -0.000000000000001 0.000000000000001 0.000000000000001 -0.000000000000000 -0.000000000000001 0.000000000000000 -0.000000000000000 -0.000000000000001 -0.000000000000001 -0.000000000000001 0.000000000000001 -0.000000000000001 0.000000000000000 -0.000000000000002 0.000000000000000 0.000000000000000 
-0.463364786212073 0.861857916231084 -0.889730468745277 0.270040058531317 0.885535371627860 -1.368038321281605 0.124109247462146 0.599405757453812 -0.466130413485302 0.239387764987323 1.526232428812269 -0.734057710549277 0.762536985561817 -0.075343199332783 1.501866600226589 0.349670128281666 1.645467961825038 -0.455162295689473 -0.736574261705474 
-0.000000000000002 -0.781324439185602 -0.000000000000000 0.781324439185602 -1.129275961783157 -0.000000000000000 1.129275961783156 0.542468222303902 0.000000000000002 -0.542468222303901 -0.048973285315608 0.000000000000001 0.048973285315608 -0.676767215143102 -0.604996664860814 -0.071770550282287 0.604996664860814 0.071770550282287 0.676767215143102 
-0.166925195584169 1.141141148806965 0.104391478414706 -0.289672767426668 1.555173015768537 -0.263352694028716 -0.470817775153794 -0.652741231348885 2.693481823847066 -0.004099715164659 0.326713380898370 2.737176533625254 -0.087915373171256 3.223593702128340 0.295010009950531 0.370349517004264 -0.543741122788239 -0.096701703081561 1.917791349303744 
0.463364786212075 -0.270040058531316 0.889730468745276 -0.861857916231085 -0.124109247462145 1.368038321281604 -0.885535371627860 -0.239387764987327 0.466130413485299 -0.599405757453806 -0.762536985561819 0.734057710549274 -1.526232428812266 0.736574261705473 -1.645467961825037 0.455162295689474 -1.501866600226588 -0.349670128281667 0.075343199332781 
0.296439590627906 2.030871617552241 -0.559712825957983 -0.757466437816378 2.923211337050139 -0.594927022615939 -1.148888065656576 -0.186610817863583 -0.243487480151988 2.094076066393254 1.060771091447646 -0.850452358733076 1.210944104812985 0.750172305640004 2.873923573846672 0.192833138917235 0.445692716337046 0.272323387478707 -1.598568303308150 
-2.590287900874642 -0.535110591669715 -0.535110591669715 2.423978696829127 -1.936870774283051 -1.936870774283051 1.870259846545524 0.094386716165579 0.094386716165579 1.894476678497987 1.624208473888253 1.624208473888253 5.442685690140491 -0.365829253796492 3.658332866059210 -0.365829253796492 2.940326058066967 3.658332866059209 2.940326058066967 
******************************************
Cubature Projection Matrix
10 19
0.071952441690964 -0.205212254078951 -0.224630194754436 -0.224630194754436 0.294945535709054 -0.382989051465588 -0.382989051465588 -0.552975513932057 0.421718189049522 0.421718189049522 1.389551343400614 -0.080800689920276 -0.080800689920276 -0.181619609236190 -0.181619609236190 0.231098119208535 0.231098119208535 0.218092460723628 0.218092460723628 
-0.230247813411079 0.100177035696200 -0.025835608570289 0.354426708179728 -0.065890247606020 -0.086252009397428 0.237397412962965 0.200689362744601 -0.257260790547720 0.067584754031812 0.113566018973138 0.016450036519681 -0.092158339429073 0.096153708058575 -0.010111449530614 -0.226702488411043 0.723470734447349 0.174580931866802 -0.090037956577588 
-0.230247813411079 -0.025835608570289 0.100177035696200 0.354426708179728 -0.086252009397428 -0.065890247606020 0.237397412962965 -0.257260790547720 0.200689362744601 0.067584754031812 0.016450036519681 0.113566018973140 -0.092158339429074 -0.226702488411043 0.174580931866802 0.096153708058575 -0.090037956577588 -0.010111449530614 0.723470734447349 
0.071952441690961 -0.224630194754436 -0.205212254078951 -0.224630194754436 -0.382989051465588 0.294945535709054 -0.382989051465588 0.421718189049522 -0.552975513932058 0.421718189049522 -0.080800689920277 1.389551343400610 -0.080800689920277 0.231098119208535 0.218092460723628 -0.181619609236190 0.218092460723628 -0.181619609236190 0.231098119208535 
-0.230247813411080 0.100177035696200 0.354426708179728 -0.025835608570289 -0.065890247606020 0.237397412962965 -0.086252009397428 0.200689362744601 0.067584754031813 -0.257260790547720 0.113566018973139 -0.092158339429073 0.016450036519680 -0.010111449530615 0.096153708058575 0.723470734447350 -0.226702488411043 -0.090037956577588 0.174580931866802 
0.463693513119534 -0.064930618364453 -0.064930618364453 -0.064930618364453 0.158819758070867 0.158819758070867 0.158819758070867 0.162158155895507 0.162158155895507 0.162158155895507 -0.002661725358357 -0.002661725358357 -0.002661725358357 -0.037308370641704 -0.037308370641704 -0.037308370641704 -0.037308370641704 -0.037308370641704 -0.037308370641704 
-0.230247813411079 0.354426708179728 0.100177035696200 -0.025835608570289 0.237397412962965 -0.065890247606020 -0.086252009397428 0.067584754031812 0.200689362744599 -0.257260790547720 -0.092158339429074 0.113566018973137 0.016450036519681 0.723470734447349 -0.090037956577587 -0.010111449530615 0.174580931866802 0.096153708058574 -0.226702488411043 
-0.230247813411079 -0.025835608570288 0.354426708179728 0.100177035696200 -0.086252009397428 0.237397412962965 -0.065890247606020 -0.257260790547720 0.067584754031812 0.200689362744602 0.016450036519681 -0.092158339429074 0.113566018973139 0.174580931866802 -0.226702488411043 -0.090037956577587 0.096153708058574 0.723470734447348 -0.010111449530614 
-0.230247813411079 0.354426708179728 -0.025835608570289 0.100177035696200 0.237397412962965 -0.086252009397428 -0.065890247606019 0.067584754031812 -0.257260790547720 0.200689362744599 -0.092158339429074 0.016450036519681 0.113566018973137 -0.090037956577587 0.723470734447349 0.174580931866802 -0.010111449530614 -0.226702488411043 0.096153708058574 
0.071952441690961 -0.224630194754436 -0.224630194754436 -0.205212254078951 -0.382989051465588 -0.382989051465588 0.294945535709054 0.421718189049522 0.421718189049522 -0.552975513932059 -0.080800689920277 -0.080800689920277 1.389551343400609 0.218092460723628 0.231098119208535 0.218092460723628 -0.181619609236190 0.231098119208535 -0.181619609236190 
******************************************
Cubature Surface Interpolation Matrix
18 4
0.808616981535624 0.251626798761598 -0.088501042409425 0.028257262112204 
0.246272062149850 0.871818914646967 -0.168316230585834 0.050225253789017 
-0.110748722338305 0.903905420987304 0.274920684053937 -0.068077382702936 
-0.068077382702936 0.274920684053938 0.903905420987303 -0.110748722338305 
0.050225253789017 -0.168316230585834 0.871818914646966 0.246272062149850 
0.028257262112204 -0.088501042409425 0.251626798761597 0.808616981535624 
0.808616981535624 0.251626798761598 -0.088501042409425 0.028257262112204 
0.246272062149850 0.871818914646967 -0.168316230585834 0.050225253789017 
-0.110748722338305 0.903905420987304 0.274920684053937 -0.068077382702936 
-0.068077382702936 0.274920684053938 0.903905420987304 -0.110748722338305 
0.050225253789017 -0.168316230585834 0.871818914646967 0.246272062149850 
0.028257262112204 -0.088501042409425 0.251626798761597 0.808616981535624 
0.028257262112204 -0.088501042409425 0.251626798761598 0.808616981535624 
0.050225253789017 -0.168316230585834 0.871818914646967 0.246272062149850 
-0.068077382702936 0.274920684053937 0.903905420987304 -0.110748722338305 
-0.110748722338305 0.903905420987303 0.274920684053938 -0.068077382702936 
0.246272062149850 0.871818914646966 -0.168316230585834 0.050225253789017 
0.808616981535624 0.251626798761597 -0.088501042409425 0.028257262112204 
******************************************
Cubature Surface Lift Matrix
10 18
6.931479978514629 4.648466829849103 -1.670197877774261 -0.440419827902235 0.926341089606894 -0.395670192294140 -0.856622461895854 -1.803807865240695 -2.339569672863461 -2.339569672863459 -1.803807865240690 -0.856622461895852 -0.395670192294140 0.926341089606892 -0.440419827902231 -1.670197877774261 4.648466829849106 6.931479978514632 
0.664968188104340 3.655098148784650 4.641719003101623 1.395371752905973 -0.440920856098182 0.083763763201608 0.325930712566775 0.883036395349204 1.207368013479555 0.612284750272857 -0.522381202629425 -0.717384287039131 -0.511405335555922 0.654662058374461 0.815086154853136 -1.276787508324868 -1.408755688889158 -0.061654062457478 
0.083763763201607 -0.440920856098183 1.395371752905967 4.641719003101621 3.655098148784642 0.664968188104339 -0.061654062457478 -1.408755688889161 -1.276787508324868 0.815086154853135 0.654662058374459 -0.511405335555923 -0.717384287039131 -0.522381202629425 0.612284750272856 1.207368013479556 0.883036395349201 0.325930712566775 
-0.395670192294139 0.926341089606897 -0.440419827902231 -1.670197877774258 4.648466829849104 6.931479978514631 6.931479978514628 4.648466829849104 -1.670197877774255 -0.440419827902238 0.926341089606891 -0.395670192294140 -0.856622461895851 -1.803807865240694 -2.339569672863454 -2.339569672863459 -1.803807865240694 -0.856622461895853 
-0.061654062457476 -1.408755688889161 -1.276787508324870 0.815086154853136 0.654662058374459 -0.511405335555924 -0.717384287039133 -0.522381202629427 0.612284750272856 1.207368013479557 0.883036395349202 0.325930712566774 0.083763763201606 -0.440920856098185 1.395371752905968 4.641719003101625 3.655098148784647 0.664968188104342 
0.019979724183315 -0.261179523601069 -0.684726126508174 -0.684726126508174 -0.261179523601068 0.019979724183316 0.019979724183316 -0.261179523601069 -0.684726126508174 -0.684726126508174 -0.261179523601068 0.019979724183316 0.019979724183316 -0.261179523601069 -0.684726126508173 -0.684726126508174 -0.261179523601068 0.019979724183316 
-0.511405335555923 0.654662058374461 0.815086154853139 -1.276787508324867 -1.408755688889157 -0.061654062457478 0.664968188104340 3.655098148784650 4.641719003101624 1.395371752905974 -0.440920856098183 0.083763763201606 0.325930712566774 0.883036395349202 1.207368013479555 0.612284750272859 -0.522381202629425 -0.717384287039132 
0.325930712566774 0.883036395349202 1.207368013479556 0.612284750272857 -0.522381202629424 -0.717384287039130 -0.511405335555921 0.654662058374460 0.815086154853136 -1.276787508324865 -1.408755688889156 -0.061654062457479 0.664968188104338 3.655098148784646 4.641719003101619 1.395371752905973 -0.440920856098183 0.083763763201606 
-0.717384287039131 -0.522381202629425 0.612284750272857 1.207368013479556 0.883036395349201 0.325930712566774 0.083763763201606 -0.440920856098184 1.395371752905969 4.641719003101620 3.655098148784641 0.664968188104339 -0.061654062457478 -1.408755688889159 -1.276787508324868 0.815086154853137 0.654662058374459 -0.511405335555922 
-0.856622461895852 -1.803807865240695 -2.339569672863456 -2.339569672863458 -1.803807865240691 -0.856622461895852 -0.395670192294139 0.926341089606895 -0.440419827902236 -1.670197877774258 4.648466829849102 6.931479978514631 6.931479978514625 4.648466829849103 -1.670197877774260 -0.440419827902238 0.926341089606894 -0.395670192294140 
******************************************
Bernstein-Bezier Vandermonde Matrix
10 10
1.000000000000000 0.000000000000000 0.000000000000000 0.000000000000000 0.000000000000000 0.000000000000000 0.000000000000000 0.000000000000000 0.000000000000000 0.000000000000000 
0.378885438199983 0.434164078649987 0.165835921350013 0.021114561800017 0.000000000000000 0.000000000000000 0.000000000000000 0.000000000000000 0.000000000000000 0.000000000000000 
0.021114561800017 0.165835921350013 0.434164078649987 0.378885438199983 0.000000000000000 0.000000000000000 0.000000000000000 0.000000000000000 0.000000000000000 0.000000000000000 
-0.000000000000000 0.000000000000000 -0.000000000000000 1.000000000000000 0.000000000000000 -0.000000000000000 0.000000000000000 -0.000000000000000 0.000000000000000 0.000000000000000 
0.378885438199983 -0.000000000000000 0.000000000000000 -0.000000000000000 0.434164078649987 -0.000000000000000 0.000000000000000 0.165835921350013 -0.000000000000000 0.021114561800017 
0.037037037037037 0.111111111111111 0.111111111111111 0.037037037037037 0.111111111111111 0.222222222222222 0.111111111111111 0.111111111111111 0.111111111111111 0.037037037037037 
-0.000000000000000 0.000000000000000 -0.000000000000000 0.378885438199983 0.000000000000000 -0.000000000000000 0.434164078649987 -0.000000000000000 0.165835921350013 0.021114561800017 
0.021114561800017 0.000000000000000 0.000000000000000 0.000000000000000 0.165835921350013 0.000000000000000 0.000000000000000 0.434164078649987 0.000000000000000 0.378885438199983 
-0.000000000000000 0.000000000000000 -0.000000000000000 0.021114561800017 0.000000000000000 -0.000000000000000 0.165835921350013 -0.000000000000000 0.434164078649987 0.378885438199983 
