% degree N
1
% number of nodes
3
% node coordinates
-1.000000000000000E+00 -1.000000000000000E+00
1.000000000000000E+00 -1.000000000000000E+00
-1.000000000000000E+00 1.000000000000000E+00
% r collocation differentation matrix
-5.000000000000000E-01 5.000000000000000E-01 0.000000000000000E+00 
-5.000000000000000E-01 5.000000000000000E-01 0.000000000000000E+00 
-5.000000000000000E-01 5.000000000000000E-01 0.000000000000000E+00 
% s collocation differentation matrix
-4.999999999999999E-01 -3.204937810639274E-17 5.000000000000000E-01 
-5.000000000000001E-01 6.409875621278547E-17 5.000000000000000E-01 
-4.999999999999999E-01 -3.204937810639274E-17 5.000000000000000E-01 
% reference mass matrix
3.333333333333334E-01 1.666666666666667E-01 1.666666666666667E-01 
1.666666666666668E-01 3.333333333333333E-01 1.666666666666667E-01 
1.666666666666667E-01 1.666666666666667E-01 3.333333333333334E-01 
% FaceNodes
0 1 
1 2 
0 2 
% LIFT matrix
2.500000000000000E+00 5.000000000000003E-01 -1.500000000000000E+00 -1.500000000000000E+00 2.500000000000000E+00 4.999999999999999E-01 
5.000000000000003E-01 2.500000000000000E+00 2.500000000000000E+00 4.999999999999999E-01 -1.500000000000000E+00 -1.500000000000000E+00 
-1.500000000000000E+00 -1.500000000000000E+00 5.000000000000001E-01 2.500000000000000E+00 5.000000000000001E-01 2.500000000000000E+00 
% number of plot nodes
21
% plot node coordinates
-1.000000000000000E+00 -1.000000000000000E+00
-6.000000000000002E-01 -1.000000000000000E+00
-1.999999999999999E-01 -1.000000000000000E+00
1.999999999999999E-01 -1.000000000000000E+00
6.000000000000002E-01 -1.000000000000000E+00
1.000000000000000E+00 -1.000000000000000E+00
-1.000000000000000E+00 -6.000000000000001E-01
-6.000000000000000E-01 -6.000000000000000E-01
-2.000000000000000E-01 -6.000000000000000E-01
1.999999999999999E-01 -6.000000000000001E-01
6.000000000000003E-01 -6.000000000000001E-01
-1.000000000000000E+00 -1.999999999999999E-01
-6.000000000000000E-01 -1.999999999999999E-01
-2.000000000000000E-01 -2.000000000000000E-01
1.999999999999999E-01 -1.999999999999999E-01
-1.000000000000000E+00 1.999999999999999E-01
-6.000000000000000E-01 1.999999999999999E-01
-1.999999999999999E-01 1.999999999999999E-01
-1.000000000000000E+00 6.000000000000002E-01
-6.000000000000001E-01 6.000000000000002E-01
-1.000000000000000E+00 1.000000000000000E+00
% plot node interpolation matrix
1.000000000000000E+00 0.000000000000000E+00 0.000000000000000E+00 
8.000000000000002E-01 1.999999999999999E-01 0.000000000000000E+00 
6.000000000000000E-01 4.000000000000000E-01 0.000000000000000E+00 
4.000000000000000E-01 6.000000000000000E-01 0.000000000000000E+00 
2.000000000000000E-01 8.000000000000000E-01 0.000000000000000E+00 
0.000000000000000E+00 1.000000000000000E+00 0.000000000000000E+00 
8.000000000000002E-01 -1.281975124255709E-16 2.000000000000000E-01 
6.000000000000000E-01 2.000000000000000E-01 2.000000000000000E-01 
4.000000000000000E-01 4.000000000000000E-01 2.000000000000000E-01 
2.000000000000001E-01 6.000000000000000E-01 2.000000000000000E-01 
-2.220446049250313E-16 8.000000000000003E-01 2.000000000000000E-01 
5.999999999999999E-01 -3.204937810639274E-17 4.000000000000001E-01 
3.999999999999999E-01 2.000000000000000E-01 4.000000000000001E-01 
2.000000000000000E-01 4.000000000000001E-01 4.000000000000000E-01 
-1.110223024625157E-16 6.000000000000000E-01 4.000000000000001E-01 
4.000000000000000E-01 0.000000000000000E+00 6.000000000000000E-01 
2.000000000000000E-01 2.000000000000000E-01 6.000000000000000E-01 
-5.551115123125783E-17 4.000000000000001E-01 6.000000000000000E-01 
1.999999999999999E-01 -6.409875621278547E-17 8.000000000000002E-01 
-2.775557561562891E-17 1.999999999999999E-01 8.000000000000002E-01 
0.000000000000000E+00 0.000000000000000E+00 1.000000000000000E+00 
% number of plot elements
30
% number of vertices per plot elements
3
% triangulation of plot nodes
9 10 14
19 18 16
18 20 6
17 16 13
13 12 8
11 15 6
0 1 6
2 7 1
2 8 7
7 11 6
15 18 6
1 7 6
8 9 13
12 15 11
12 16 15
7 12 11
16 18 15
13 16 12
17 14 19
18 19 20
10 9 4
14 13 9
16 17 19
13 14 17
7 8 12
2 3 8
9 8 3
10 4 5
9 3 4
14 10 19
% number of volume cubature nodes
6
% cubature node coordinates and weights
-8.168475729804580E-01 -8.168475729804580E-01 2.199034873106440E-01
6.336951459609170E-01 -8.168475729804590E-01 2.199034873106440E-01
-8.168475729804590E-01 6.336951459609170E-01 2.199034873106440E-01
-1.081030181680700E-01 -1.081030181680700E-01 4.467631793560230E-01
-7.837939636638600E-01 -1.081030181680700E-01 4.467631793560230E-01
-1.081030181680700E-01 -7.837939636638600E-01 4.467631793560230E-01
% cubature interpolation matrix
8.168475729804580E-01 9.157621350977103E-02 9.157621350977101E-02 
9.157621350977085E-02 8.168475729804586E-01 9.157621350977048E-02 
9.157621350977102E-02 9.157621350977058E-02 8.168475729804584E-01 
1.081030181680699E-01 4.459484909159651E-01 4.459484909159650E-01 
4.459484909159650E-01 1.081030181680700E-01 4.459484909159650E-01 
4.459484909159649E-01 4.459484909159651E-01 1.081030181680700E-01 
% cubature r weak differentiation matrix
-6.597104619319318E-01 -6.597104619319318E-01 -6.597104619319318E-01 -1.340289538068069E+00 -1.340289538068069E+00 -1.340289538068069E+00 
6.597104619319318E-01 6.597104619319318E-01 6.597104619319318E-01 1.340289538068069E+00 1.340289538068069E+00 1.340289538068069E+00 
0.000000000000000E+00 0.000000000000000E+00 0.000000000000000E+00 0.000000000000000E+00 0.000000000000000E+00 0.000000000000000E+00 
% cubature s weak differentiation matrix
-6.597104619319318E-01 -6.597104619319319E-01 -6.597104619319319E-01 -1.340289538068069E+00 -1.340289538068069E+00 -1.340289538068069E+00 
-8.050865154063235E-17 4.635120867056462E-17 -3.822203147023336E-17 9.416864464456167E-17 -7.765314006578233E-17 -7.765314006578233E-17 
6.597104619319319E-01 6.597104619319319E-01 6.597104619319319E-01 1.340289538068069E+00 1.340289538068069E+00 1.340289538068069E+00 
% cubature projection matrix
7.479105484318648E-01 -2.090276587329495E-01 -2.090276587329495E-01 -3.803660804655413E-01 5.252554247497878E-01 5.252554247497879E-01 
-2.090276587329494E-01 7.479105484318657E-01 -2.090276587329501E-01 5.252554247497878E-01 -3.803660804655413E-01 5.252554247497879E-01 
-2.090276587329495E-01 -2.090276587329502E-01 7.479105484318657E-01 5.252554247497879E-01 5.252554247497879E-01 -3.803660804655413E-01 
% number of surface integration nodes per face
3
% surface integration interpolation matrix
8.872983346207417E-01 1.127016653792584E-01 
5.000000000000000E-01 5.000000000000000E-01 
1.127016653792582E-01 8.872983346207418E-01 
8.872983346207417E-01 1.127016653792584E-01 
5.000000000000001E-01 5.000000000000000E-01 
1.127016653792584E-01 8.872983346207417E-01 
1.127016653792584E-01 8.872983346207416E-01 
5.000000000000000E-01 5.000000000000000E-01 
8.872983346207417E-01 1.127016653792583E-01 
% surface integration lift matrix
2.124327782069140E+00 1.333333333333333E+00 -4.576611154024727E-01 -8.333333333333337E-01 -1.333333333333333E+00 -8.333333333333338E-01 -4.576611154024722E-01 1.333333333333333E+00 2.124327782069140E+00 
-4.576611154024722E-01 1.333333333333333E+00 2.124327782069141E+00 2.124327782069140E+00 1.333333333333333E+00 -4.576611154024723E-01 -8.333333333333337E-01 -1.333333333333333E+00 -8.333333333333335E-01 
-8.333333333333337E-01 -1.333333333333333E+00 -8.333333333333337E-01 -4.576611154024722E-01 1.333333333333333E+00 2.124327782069140E+00 2.124327782069139E+00 1.333333333333333E+00 -4.576611154024726E-01 
% Bernstein VDM matrix
1.000000000000000E+00 0.000000000000000E+00 0.000000000000000E+00 
-0.000000000000000E+00 1.000000000000000E+00 0.000000000000000E+00 
-0.000000000000000E+00 0.000000000000000E+00 1.000000000000000E+00 
% inverse Bernstein VDM matrix
1.000000000000000E+00 0.000000000000000E+00 -0.000000000000000E+00 
0.000000000000000E+00 1.000000000000000E+00 -0.000000000000000E+00 
-0.000000000000000E+00 -0.000000000000000E+00 1.000000000000000E+00 
% sparse BB D1 matrix ids
0 0 0 
0 0 0 
0 0 0 
% sparse BB D2 matrix ids
1 0 0 
1 0 0 
1 0 0 
% sparse BB D3 matrix ids
2 0 0 
2 0 0 
2 0 0 
% sparse BB D1,D2,D3 matrix values
1.000000000000000E+00 0.000000000000000E+00 0.000000000000000E+00 
1.000000000000000E+00 0.000000000000000E+00 0.000000000000000E+00 
1.000000000000000E+00 0.000000000000000E+00 0.000000000000000E+00 
% BB cubature interpolation matrix
8.168475729804580E-01 9.157621350977102E-02 9.157621350977102E-02 
9.157621350977097E-02 8.168475729804585E-01 9.157621350977052E-02 
9.157621350977097E-02 9.157621350977052E-02 8.168475729804585E-01 
1.081030181680700E-01 4.459484909159650E-01 4.459484909159650E-01 
4.459484909159650E-01 1.081030181680700E-01 4.459484909159650E-01 
4.459484909159650E-01 4.459484909159650E-01 1.081030181680700E-01 
% BB cubature projection matrix
7.479105484318650E-01 -2.090276587329497E-01 -2.090276587329496E-01 -3.803660804655416E-01 5.252554247497877E-01 5.252554247497877E-01 
-2.090276587329496E-01 7.479105484318650E-01 -2.090276587329494E-01 5.252554247497880E-01 -3.803660804655407E-01 5.252554247497871E-01 
-2.090276587329495E-01 -2.090276587329494E-01 7.479105484318648E-01 5.252554247497878E-01 5.252554247497870E-01 -3.803660804655406E-01 
% BB L0 values
0.000000000000000E+00 2.500000000000000E+00 5.000000000000000E-01 
5.000000000000000E-01 2.500000000000000E+00 0.000000000000000E+00 
% BB EL ids
0 2 3 4 
1 2 4 5 
0 1 3 5 
% BB EL values
1.000000000000000E+00 -5.000000000000001E-01 -4.999999999999999E-01 1.000000000000000E+00 
1.000000000000000E+00 1.000000000000000E+00 -5.000000000000001E-01 -4.999999999999999E-01 
-5.000000000000001E-01 -4.999999999999999E-01 1.000000000000000E+00 1.000000000000000E+00 
% BB degree raise ids
0 0 
0 1 
1 0 
% BB degree raise values
9.999999999999999E-01 0.000000000000000E+00 
5.000000000000001E-01 5.000000000000000E-01 
1.000000000000000E+00 0.000000000000000E+00 
% BB degree lower matrix
5.000000000000000E-01 5.000000000000000E-01 
% stencil size for IPDG OAS NpP
9
% forward matrix [ change of basis for IPDG OAS precon ]
2.497501873867379E-01 2.497501873867367E-01 2.497501873867365E-01 2.335496832484579E-01 2.335496832484558E-01 2.335496832484574E-01 2.335496832484574E-01 2.335496832484571E-01 2.335496832484573E-01 
3.276000818028896E-01 3.276000818028885E-01 3.276000818028896E-01 -2.335496832484412E-01 -2.335496832484736E-01 -2.335496832484436E-01 -2.335496832484709E-01 -2.335496832484712E-01 -2.335496832484418E-01 
-2.723138397479469E+00 2.339786587069520E-01 2.489159738772516E+00 2.373933455199911E-01 -1.104675832595964E+00 9.861530610983900E-01 -3.734684138076095E-02 1.142022673976725E+00 -1.223546406618380E+00 
8.656230856634473E-01 -3.038960610957707E+00 2.173337525294261E+00 -1.264656765253678E+00 5.074142529180686E-01 1.031982699236362E+00 -1.333586381358743E+00 8.261721284406723E-01 2.326740660173175E-01 
-1.254002930496057E+00 1.398459934412757E-01 1.114156937054782E+00 1.675137845031890E-01 1.047773898995131E+00 -9.915679086443616E-01 -3.762594286167657E-01 -6.715144703783648E-01 8.240541241411740E-01 
-9.707053845364412E-01 1.397454483014399E+00 -4.267490984779562E-01 -9.805266094403249E-01 5.150419850792142E-01 4.661381395467220E-02 -1.105429012153838E+00 5.903870270746262E-01 9.339127954856529E-01 
-1.237873730006176E-14 -8.090546901948342E-15 -1.347505598577068E-14 1.154700538379270E+00 -1.154700538379251E+00 1.154700538379281E+00 -1.154700538379264E+00 -1.154700538379259E+00 1.154700538379269E+00 
5.102042587462564E-01 -2.920458455981086E-01 -2.181584131481483E-01 1.686529596002415E+00 -1.112503774080418E+00 -8.001292139055682E-01 -5.423375502619877E-01 1.654841324342391E+00 -8.864003820968305E-01 
-5.068734065149837E-05 4.225748455847519E-01 -4.225241582440969E-01 -1.813857463826109E-01 1.293145653864442E+00 1.474332814809627E+00 -1.474199444558356E+00 1.810537906939222E-01 -1.292947068427028E+00 
% diagOp 
1.064866834767147E+00 
2.712910943010629E+00 
5.604535150552852E+00 
5.604535150552842E+00 
5.553984161574612E-01 
5.553984161574598E-01 
2.666666666666669E+00 
2.284510877734137E+00 
2.284510877734134E+00 
% backward matrix [ reverse change of basis for IPDG OAS precon ]
1.000000000000000E+00 9.999999999999978E-01 -1.000000000000000E+00 4.326654042255538E-01 -7.703042376860105E-01 -4.114211025040062E-01 -1.448504636499835E-14 3.053825864762943E-01 2.669975367079146E-02 
9.999999999999968E-01 9.999999999999987E-01 2.508901842232609E-01 -1.000000000000000E+00 -2.296957623139879E-01 1.000000000000000E+00 -1.109048778015754E-14 -1.526638188870006E-01 2.631990756445694E-01 
9.999999999999987E-01 1.000000000000000E+00 7.491098157767391E-01 5.673345957744464E-01 1.000000000000000E+00 -5.885788974959932E-01 -1.403817980275715E-14 -1.527187675892954E-01 -2.898988293153580E-01 
9.351331652328507E-01 -7.129109430105927E-01 1.533505206963859E-01 -4.239395771220615E-01 3.746786666259269E-01 -7.666805175037693E-01 9.999999999999907E-01 9.999764340247349E-01 -3.117470540282219E-02 
9.351331652328485E-01 -7.129109430106655E-01 -4.143582069448618E-01 2.262667031946759E-01 7.160901856606025E-01 1.246769890019943E-01 -9.999999999999731E-01 -5.981376288037464E-01 7.939663455261272E-01 
9.351331652328499E-01 -7.129109430105979E-01 2.872688384528377E-01 2.802870660788594E-01 -8.084080095934982E-01 2.772364943068570E-01 1.000000000000000E+00 -4.016706563550487E-01 9.297467018355002E-01 
9.351331652328518E-01 -7.129109430106589E-01 6.115495836771441E-02 -4.310379889720263E-01 -3.181585965872014E-02 -7.260018180916098E-01 -9.999999999999792E-01 -4.018623711962570E-01 -1.000000000000000E+00 
9.351331652328490E-01 -7.129109430106629E-01 3.532032485771474E-01 2.047712857773502E-01 -6.842743260018804E-01 6.013248290896165E-01 -9.999999999999815E-01 1.000000000000000E+00 2.060336544738850E-01 
9.351331652328492E-01 -7.129109430105918E-01 -4.406193591492232E-01 1.436525110432027E-01 4.337293429675728E-01 4.894440231969118E-01 9.999999999999949E-01 -5.983057776696818E-01 -8.985719964326920E-01 
