% degree N
1
% number of nodes
3
% node coordinates
-1.000000000000000E+00 -1.000000000000000E+00
1.000000000000000E+00 -1.000000000000000E+00
-1.000000000000000E+00 1.000000000000000E+00
% r collocation differentation matrix
-5.000000000000001E-01 5.000000000000001E-01 5.233641528945917E-17 
-5.000000000000001E-01 5.000000000000001E-01 5.233641528945917E-17 
-5.000000000000001E-01 5.000000000000001E-01 5.233641528945917E-17 
% s collocation differentation matrix
-5.000000000000000E-01 -0.000000000000000E+00 5.000000000000000E-01 
-5.000000000000001E-01 1.110223024625157E-16 5.000000000000000E-01 
-5.000000000000000E-01 -0.000000000000000E+00 5.000000000000000E-01 
% reference mass matrix
3.333333333333334E-01 1.666666666666667E-01 1.666666666666667E-01 
1.666666666666667E-01 3.333333333333334E-01 1.666666666666667E-01 
1.666666666666667E-01 1.666666666666667E-01 3.333333333333334E-01 
% FaceNodes
0 1 
1 2 
0 2 
% LIFT matrix
2.500000000000000E+00 5.000000000000003E-01 -1.500000000000000E+00 -1.500000000000000E+00 2.500000000000000E+00 4.999999999999999E-01 
5.000000000000003E-01 2.500000000000000E+00 2.500000000000000E+00 4.999999999999999E-01 -1.500000000000000E+00 -1.500000000000000E+00 
-1.500000000000000E+00 -1.500000000000000E+00 5.000000000000001E-01 2.500000000000000E+00 5.000000000000001E-01 2.500000000000000E+00 
% number of plot nodes
21
% plot node coordinates
-1.000000000000000E+00 -1.000000000000000E+00
-6.000000000000002E-01 -1.000000000000000E+00
-1.999999999999999E-01 -1.000000000000000E+00
1.999999999999999E-01 -1.000000000000000E+00
6.000000000000002E-01 -1.000000000000000E+00
1.000000000000000E+00 -1.000000000000000E+00
-1.000000000000000E+00 -6.000000000000001E-01
-6.000000000000000E-01 -6.000000000000000E-01
-2.000000000000000E-01 -6.000000000000000E-01
1.999999999999999E-01 -6.000000000000001E-01
6.000000000000003E-01 -6.000000000000001E-01
-1.000000000000000E+00 -1.999999999999999E-01
-6.000000000000000E-01 -1.999999999999999E-01
-2.000000000000000E-01 -2.000000000000000E-01
1.999999999999999E-01 -1.999999999999999E-01
-1.000000000000000E+00 1.999999999999999E-01
-6.000000000000000E-01 1.999999999999999E-01
-1.999999999999999E-01 1.999999999999999E-01
-1.000000000000000E+00 6.000000000000002E-01
-6.000000000000001E-01 6.000000000000002E-01
-1.000000000000000E+00 1.000000000000000E+00
% plot node interpolation matrix
1.000000000000000E+00 -0.000000000000000E+00 0.000000000000000E+00 
8.000000000000002E-01 1.999999999999998E-01 0.000000000000000E+00 
6.000000000000000E-01 4.000000000000000E-01 0.000000000000000E+00 
4.000000000000001E-01 6.000000000000000E-01 0.000000000000000E+00 
1.999999999999998E-01 8.000000000000000E-01 -1.046728305789183E-16 
-0.000000000000000E+00 1.000000000000000E+00 0.000000000000000E+00 
8.000000000000003E-01 -1.665334536937735E-16 2.000000000000000E-01 
6.000000000000000E-01 2.000000000000000E-01 2.000000000000000E-01 
4.000000000000001E-01 4.000000000000000E-01 2.000000000000000E-01 
2.000000000000001E-01 6.000000000000000E-01 1.999999999999999E-01 
-2.563950248511419E-16 8.000000000000003E-01 1.999999999999999E-01 
6.000000000000000E-01 -0.000000000000000E+00 4.000000000000001E-01 
4.000000000000000E-01 2.000000000000000E-01 4.000000000000001E-01 
1.999999999999999E-01 4.000000000000000E-01 4.000000000000000E-01 
-0.000000000000000E+00 6.000000000000000E-01 4.000000000000001E-01 
4.000000000000001E-01 -0.000000000000000E+00 6.000000000000000E-01 
2.000000000000001E-01 2.000000000000001E-01 6.000000000000000E-01 
1.281975124255709E-16 4.000000000000001E-01 6.000000000000000E-01 
1.999999999999999E-01 -0.000000000000000E+00 8.000000000000002E-01 
-6.409875621278547E-17 2.000000000000000E-01 8.000000000000002E-01 
-0.000000000000000E+00 -0.000000000000000E+00 1.000000000000000E+00 
% number of plot elements
25
% number of vertices per plot elements
3
% triangulation of plot nodes
15 11 12
6 1 0
10 4 5
9 10 14
9 10 4
19 18 20
7 1 2
7 11 12
7 6 11
7 6 1
3 9 4
13 17 14
13 9 14
16 15 18
16 15 12
16 19 17
16 19 18
16 13 12
16 13 17
8 3 9
8 7 2
8 7 12
8 3 2
8 13 12
8 13 9
% number of volume cubature nodes
6
% cubature node coordinates
-8.168475729804580E-01 -8.168475729804580E-01
6.336951459609170E-01 -8.168475729804590E-01
-8.168475729804590E-01 6.336951459609170E-01
-1.081030181680700E-01 -1.081030181680700E-01
-7.837939636638600E-01 -1.081030181680700E-01
-1.081030181680700E-01 -7.837939636638600E-01
% cubature interpolation matrix
8.168475729804580E-01 9.157621350977102E-02 9.157621350977102E-02 
9.157621350977103E-02 8.168475729804586E-01 9.157621350977055E-02 
9.157621350977097E-02 9.157621350977052E-02 8.168475729804585E-01 
1.081030181680699E-01 4.459484909159650E-01 4.459484909159650E-01 
4.459484909159650E-01 1.081030181680699E-01 4.459484909159649E-01 
4.459484909159650E-01 4.459484909159650E-01 1.081030181680700E-01 
% cubature r weak differentiation matrix
-6.597104619319321E-01 -6.597104619319321E-01 -6.597104619319321E-01 -1.340289538068069E+00 -1.340289538068069E+00 -1.340289538068069E+00 
6.597104619319321E-01 6.597104619319321E-01 6.597104619319321E-01 1.340289538068069E+00 1.340289538068069E+00 1.340289538068069E+00 
0.000000000000000E+00 0.000000000000000E+00 0.000000000000000E+00 0.000000000000000E+00 0.000000000000000E+00 0.000000000000000E+00 
% cubature s weak differentiation matrix
-6.597104619319319E-01 -6.597104619319321E-01 -6.597104619319319E-01 -1.340289538068069E+00 -1.340289538068069E+00 -1.340289538068069E+00 
-3.822203147023336E-17 8.863782874096362E-17 4.635120867056462E-17 1.800795369997337E-16 9.416864464456167E-17 9.416864464456167E-17 
6.597104619319319E-01 6.597104619319319E-01 6.597104619319319E-01 1.340289538068069E+00 1.340289538068069E+00 1.340289538068069E+00 
% cubature projection matrix
7.479105484318648E-01 -2.090276587329495E-01 -2.090276587329495E-01 -3.803660804655413E-01 5.252554247497878E-01 5.252554247497879E-01 
-2.090276587329494E-01 7.479105484318657E-01 -2.090276587329501E-01 5.252554247497878E-01 -3.803660804655413E-01 5.252554247497879E-01 
-2.090276587329495E-01 -2.090276587329502E-01 7.479105484318657E-01 5.252554247497879E-01 5.252554247497879E-01 -3.803660804655413E-01 
% number of surface integration nodes per face
3
% surface integration interpolation matrix
8.872983346207417E-01 1.127016653792583E-01 
5.000000000000000E-01 5.000000000000000E-01 
1.127016653792582E-01 8.872983346207418E-01 
8.872983346207417E-01 1.127016653792585E-01 
5.000000000000000E-01 5.000000000000000E-01 
1.127016653792583E-01 8.872983346207417E-01 
1.127016653792585E-01 8.872983346207417E-01 
5.000000000000000E-01 5.000000000000000E-01 
8.872983346207417E-01 1.127016653792583E-01 
% surface integration lift matrix
2.124327782069140E+00 1.333333333333333E+00 -4.576611154024726E-01 -8.333333333333336E-01 -1.333333333333333E+00 -8.333333333333337E-01 -4.576611154024722E-01 1.333333333333333E+00 2.124327782069140E+00 
-4.576611154024723E-01 1.333333333333333E+00 2.124327782069141E+00 2.124327782069140E+00 1.333333333333333E+00 -4.576611154024726E-01 -8.333333333333336E-01 -1.333333333333333E+00 -8.333333333333335E-01 
-8.333333333333337E-01 -1.333333333333333E+00 -8.333333333333337E-01 -4.576611154024721E-01 1.333333333333333E+00 2.124327782069140E+00 2.124327782069140E+00 1.333333333333333E+00 -4.576611154024725E-01 
% Bernstein VDM matrix
1.000000000000000E+00 0.000000000000000E+00 0.000000000000000E+00 
-0.000000000000000E+00 1.000000000000000E+00 0.000000000000000E+00 
-0.000000000000000E+00 0.000000000000000E+00 1.000000000000000E+00 
% inverse Bernstein VDM matrix
1.000000000000000E+00 -0.000000000000000E+00 -0.000000000000000E+00 
-0.000000000000000E+00 1.000000000000000E+00 -0.000000000000000E+00 
-0.000000000000000E+00 0.000000000000000E+00 1.000000000000000E+00 
% sparse BB D1 matrix ids
0 0 0 
0 0 0 
0 0 0 
% sparse BB D2 matrix ids
1 0 0 
1 0 0 
1 0 0 
% sparse BB D3 matrix ids
2 0 0 
2 0 0 
2 0 0 
% sparse BB D1,D2,D3 matrix values
1.000000000000000E+00 0.000000000000000E+00 0.000000000000000E+00 
1.000000000000000E+00 0.000000000000000E+00 0.000000000000000E+00 
1.000000000000000E+00 0.000000000000000E+00 0.000000000000000E+00 
% BB cubature interpolation matrix
8.168475729804580E-01 9.157621350977102E-02 9.157621350977102E-02 
9.157621350977097E-02 8.168475729804585E-01 9.157621350977052E-02 
9.157621350977097E-02 9.157621350977052E-02 8.168475729804585E-01 
1.081030181680700E-01 4.459484909159650E-01 4.459484909159650E-01 
4.459484909159650E-01 1.081030181680700E-01 4.459484909159650E-01 
4.459484909159650E-01 4.459484909159650E-01 1.081030181680700E-01 
% BB cubature projection matrix
7.479105484318649E-01 -2.090276587329497E-01 -2.090276587329497E-01 -3.803660804655415E-01 5.252554247497877E-01 5.252554247497877E-01 
-2.090276587329496E-01 7.479105484318650E-01 -2.090276587329495E-01 5.252554247497880E-01 -3.803660804655407E-01 5.252554247497871E-01 
-2.090276587329495E-01 -2.090276587329494E-01 7.479105484318650E-01 5.252554247497878E-01 5.252554247497871E-01 -3.803660804655407E-01 
% BB L0 values
2.500000000000000E+00 5.000000000000000E-01 0.000000000000000E+00 
5.000000000000000E-01 2.500000000000000E+00 0.000000000000000E+00 
% BB EL ids
0 2 3 4 
1 2 4 5 
0 1 3 5 
% BB EL values
1.000000000000000E+00 -5.000000000000001E-01 -4.999999999999999E-01 1.000000000000000E+00 
1.000000000000000E+00 1.000000000000000E+00 -5.000000000000001E-01 -4.999999999999999E-01 
-5.000000000000001E-01 -4.999999999999999E-01 1.000000000000000E+00 1.000000000000000E+00 
% stencil size for IPDG OAS NpP
9
% forward matrix [ change of basis for IPDG OAS precon ]
-1.031904944212771E-01 -1.031904944212772E-01 -1.031904944212771E-01 4.407823547371029E-02 4.407823547371031E-02 4.407823547371029E-02 4.407823547371030E-02 4.407823547371026E-02 4.407823547371031E-02 
-8.925959530859837E-02 -8.925959530859845E-02 -8.925959530859844E-02 -4.407823547371025E-02 -4.407823547371030E-02 -4.407823547371025E-02 -4.407823547371030E-02 -4.407823547371025E-02 -4.407823547371034E-02 
2.645417287603567E-02 -1.889805884267238E-02 -7.556114033362970E-03 2.057076455517597E-02 5.419333659208077E-02 -1.266713735020227E-01 -1.350798981090335E-01 1.061006089468468E-01 8.088656151695273E-02 
-6.347663120607248E-02 3.753163970724133E-02 2.594499149883181E-02 7.595268757290047E-03 5.699377401266487E-02 -7.617804811588182E-02 -8.184454549515592E-02 6.858277935859150E-02 2.485077148249078E-02 
-1.591725881626182E-02 -4.254550604852609E-02 5.846276486478769E-02 7.928171085860912E-02 6.625905836737600E-02 -4.451194962761272E-02 4.886555627762150E-03 -3.476976123099641E-02 -7.114561399513807E-02 
1.451493652969646E-17 2.267611585935415E-02 -2.267611585935405E-02 1.205902535279399E-01 1.037789675094878E-01 -1.681128601845210E-02 1.681128601845260E-02 -1.037789675094879E-01 -1.205902535279404E-01 
-2.891606229549413E-16 -2.723203025839860E-16 -3.113405571020533E-16 -2.405626121623439E-02 2.405626121623447E-02 -2.405626121623429E-02 2.405626121623462E-02 -2.405626121623416E-02 2.405626121623470E-02 
-1.199830216853008E-02 2.325611385657231E-03 9.672690782872433E-03 1.271044509109095E-01 8.759758753482905E-02 -1.230294854528788E-01 -1.432935048398256E-01 -4.074965458030592E-03 5.569591730499673E-02 
-7.246087695570708E-08 -1.093023116351576E-02 1.093030362439249E-02 1.062351963053128E-01 1.363817260864703E-01 3.014602536625350E-02 -3.014763376026888E-02 -1.363812216715664E-01 -1.062340923262014E-01 
% diagOp 
2.831448108536890E+00 
6.945465034563500E+00 
6.945465034563504E+00 
1.746594427259686E+01 
1.746594427259686E+01 
2.133333333333333E+01 
2.739077411368532E+01 
4.314414624839515E+01 
4.314414624839517E+01 
% backward matrix [ reverse change of basis for IPDG OAS precon ]
-9.999999999999997E-01 -9.999999999999986E-01 1.000000000000000E+00 -1.000000000000000E+00 -1.147098955723461E-01 2.500857042638274E-01 -5.158012710470127E-16 -3.724179215570602E-01 1.251654666810370E-01 
-9.999999999999978E-01 -9.999999999999998E-01 -4.999999999999983E-01 7.363755760642924E-01 -8.852901044276538E-01 7.499142957361731E-01 -9.987276464541156E-17 1.862108124529801E-01 -3.691888707820289E-01 
-1.000000000000000E+00 -1.000000000000000E+00 -5.000000000000007E-01 2.636244239357076E-01 1.000000000000000E+00 -1.000000000000000E+00 -1.429256932174246E-15 1.862071091040789E-01 2.440234041009921E-01 
7.593849409123561E-01 -8.779034594308732E-01 -2.811762910030450E-01 -3.881306146564000E-01 3.267310761079369E-01 7.349731997046340E-01 -9.999999999999998E-01 1.000000000000000E+00 -3.808229115135255E-01 
7.593849409123548E-01 -8.779034594308732E-01 8.308716974656859E-01 4.610509151722679E-01 -5.012430566070138E-02 3.644176132206479E-01 9.999999999999976E-01 -5.407569299408372E-01 9.826584579908942E-01 
7.593849409123581E-01 -8.779034594308734E-01 -5.496954064626410E-01 -2.270294942885769E-02 -4.768691593354190E-01 -7.861338537111611E-01 -1.000000000000000E+00 -4.592527439619046E-01 1.000000000000000E+00 
7.593849409123526E-01 -8.779034594308733E-01 -5.496954064626405E-01 -2.539038210183770E-01 4.451396255828117E-01 5.111919279995610E-01 9.999999999999998E-01 -4.592425297352919E-01 -6.913040889762245E-01 
7.593849409123603E-01 -8.779034594308722E-01 8.308716974656856E-01 4.108335640852580E-01 1.501380832274812E-01 5.116065400652801E-02 -9.999999999999982E-01 -5.407472560380950E-01 -6.191770884864771E-01 
7.593849409123511E-01 -8.779034594308737E-01 -2.811762910030456E-01 -2.071470941538913E-01 -3.950153199221102E-01 -8.756095412202080E-01 9.999999999999988E-01 9.999994596761294E-01 -2.913543690146678E-01 
