******************************************
Nodal r-coordinates
3 1
-1.000000000000000 
1.000000000000000 
-1.000000000000000 
******************************************
Nodal s-coordinates
3 1
-1.000000000000000 
-1.000000000000000 
1.000000000000000 
******************************************
Nodal Dr differentiation matrix
3 3
-0.500000000000000 0.500000000000000 0.000000000000000 
-0.500000000000000 0.500000000000000 0.000000000000000 
-0.500000000000000 0.500000000000000 0.000000000000000 
******************************************
Nodal Ds differentiation matrix
3 3
-0.500000000000000 -0.000000000000000 0.500000000000000 
-0.500000000000000 0.000000000000000 0.500000000000000 
-0.500000000000000 -0.000000000000000 0.500000000000000 
******************************************
Nodal Mass Matrix
3 3
0.333333333333333 0.166666666666667 0.166666666666667 
0.166666666666667 0.333333333333333 0.166666666666667 
0.166666666666667 0.166666666666667 0.333333333333333 
******************************************
Nodal Face nodes
3 2
0 1 
1 2 
0 2 
******************************************
Nodal Lift Matrix
3 6
2.500000000000000 0.500000000000000 -1.500000000000000 -1.500000000000000 2.500000000000000 0.500000000000000 
0.500000000000000 2.500000000000000 2.500000000000000 0.500000000000000 -1.500000000000000 -1.500000000000000 
-1.500000000000000 -1.500000000000000 0.500000000000000 2.500000000000000 0.500000000000000 2.500000000000000 
******************************************
Plotting r-coordinates
21 1
-1.000000000000000 
-0.600000000000000 
-0.200000000000000 
0.200000000000000 
0.600000000000000 
1.000000000000000 
-1.000000000000000 
-0.600000000000000 
-0.200000000000000 
0.200000000000000 
0.600000000000000 
-1.000000000000000 
-0.600000000000000 
-0.200000000000000 
0.200000000000000 
-1.000000000000000 
-0.600000000000000 
-0.200000000000000 
-1.000000000000000 
-0.600000000000000 
-1.000000000000000 
******************************************
Plotting s-coordinates
21 1
-1.000000000000000 
-1.000000000000000 
-1.000000000000000 
-1.000000000000000 
-1.000000000000000 
-1.000000000000000 
-0.600000000000000 
-0.600000000000000 
-0.600000000000000 
-0.600000000000000 
-0.600000000000000 
-0.200000000000000 
-0.200000000000000 
-0.200000000000000 
-0.200000000000000 
0.200000000000000 
0.200000000000000 
0.200000000000000 
0.600000000000000 
0.600000000000000 
1.000000000000000 
******************************************
Plotting Interpolation Matrix
21 3
1.000000000000000 -0.000000000000000 0.000000000000000 
0.800000000000000 0.200000000000000 0.000000000000000 
0.600000000000000 0.400000000000000 0.000000000000000 
0.400000000000000 0.600000000000000 0.000000000000000 
0.200000000000000 0.800000000000000 -0.000000000000000 
-0.000000000000000 1.000000000000000 0.000000000000000 
0.800000000000000 -0.000000000000000 0.200000000000000 
0.600000000000000 0.200000000000000 0.200000000000000 
0.400000000000000 0.400000000000000 0.200000000000000 
0.200000000000000 0.600000000000000 0.200000000000000 
-0.000000000000000 0.800000000000000 0.200000000000000 
0.600000000000000 -0.000000000000000 0.400000000000000 
0.400000000000000 0.200000000000000 0.400000000000000 
0.200000000000000 0.400000000000000 0.400000000000000 
-0.000000000000000 0.600000000000000 0.400000000000000 
0.400000000000000 -0.000000000000000 0.600000000000000 
0.200000000000000 0.200000000000000 0.600000000000000 
0.000000000000000 0.400000000000000 0.600000000000000 
0.200000000000000 -0.000000000000000 0.800000000000000 
-0.000000000000000 0.200000000000000 0.800000000000000 
-0.000000000000000 -0.000000000000000 1.000000000000000 
******************************************
Plotting triangulation
25 3
15 11 12 
6 1 0 
10 4 5 
9 10 14 
9 10 4 
19 18 20 
7 1 2 
7 11 12 
7 6 11 
7 6 1 
3 9 4 
13 17 14 
13 9 14 
16 15 18 
16 15 12 
16 19 17 
16 19 18 
16 13 12 
16 13 17 
8 3 9 
8 7 2 
8 7 12 
8 3 2 
8 13 12 
8 13 9 
******************************************
Cubature r-coordinates
6 1
-0.816847572980458 
0.633695145960917 
-0.816847572980459 
-0.108103018168070 
-0.783793963663860 
-0.108103018168070 
******************************************
Cubature s-coordinates
6 1
-0.816847572980458 
-0.816847572980459 
0.633695145960917 
-0.108103018168070 
-0.108103018168070 
-0.783793963663860 
******************************************
Cubature weights
6 1
0.219903487310644 
0.219903487310644 
0.219903487310644 
0.446763179356023 
0.446763179356023 
0.446763179356023 
******************************************
Cubature Interpolation Matrix
6 3
0.816847572980458 0.091576213509771 0.091576213509771 
0.091576213509771 0.816847572980459 0.091576213509771 
0.091576213509771 0.091576213509771 0.816847572980459 
0.108103018168070 0.445948490915965 0.445948490915965 
0.445948490915965 0.108103018168070 0.445948490915965 
0.445948490915965 0.445948490915965 0.108103018168070 
******************************************
Cubature Weak Dr Differentiation Matrix
3 6
-0.659710461931932 -0.659710461931932 -0.659710461931932 -1.340289538068069 -1.340289538068069 -1.340289538068069 
0.659710461931932 0.659710461931932 0.659710461931932 1.340289538068069 1.340289538068069 1.340289538068069 
0.000000000000000 0.000000000000000 0.000000000000000 0.000000000000000 0.000000000000000 0.000000000000000 
******************************************
Cubature Weak Ds Differentiation Matrix
3 6
-0.659710461931932 -0.659710461931932 -0.659710461931932 -1.340289538068069 -1.340289538068069 -1.340289538068069 
-0.000000000000000 0.000000000000000 0.000000000000000 0.000000000000000 0.000000000000000 0.000000000000000 
0.659710461931932 0.659710461931932 0.659710461931932 1.340289538068069 1.340289538068069 1.340289538068069 
******************************************
Cubature Projection Matrix
3 6
0.747910548431865 -0.209027658732949 -0.209027658732950 -0.380366080465541 0.525255424749788 0.525255424749788 
-0.209027658732949 0.747910548431866 -0.209027658732950 0.525255424749788 -0.380366080465541 0.525255424749788 
-0.209027658732949 -0.209027658732950 0.747910548431866 0.525255424749788 0.525255424749788 -0.380366080465541 
******************************************
Cubature Surface Interpolation Matrix
9 2
0.887298334620742 0.112701665379258 
0.500000000000000 0.500000000000000 
0.112701665379258 0.887298334620742 
0.887298334620742 0.112701665379258 
0.500000000000000 0.500000000000000 
0.112701665379258 0.887298334620742 
0.112701665379258 0.887298334620742 
0.500000000000000 0.500000000000000 
0.887298334620742 0.112701665379258 
******************************************
Cubature Surface Lift Matrix
3 9
2.124327782069140 1.333333333333333 -0.457661115402473 -0.833333333333334 -1.333333333333333 -0.833333333333334 -0.457661115402472 1.333333333333333 2.124327782069140 
-0.457661115402472 1.333333333333333 2.124327782069141 2.124327782069140 1.333333333333333 -0.457661115402473 -0.833333333333334 -1.333333333333333 -0.833333333333333 
-0.833333333333334 -1.333333333333333 -0.833333333333334 -0.457661115402472 1.333333333333333 2.124327782069140 2.124327782069139 1.333333333333333 -0.457661115402473 
******************************************
Bernstein-Bezier Vandermonde Matrix
3 3
1.000000000000000 0.000000000000000 0.000000000000000 
-0.000000000000000 1.000000000000000 0.000000000000000 
-0.000000000000000 0.000000000000000 1.000000000000000 
******************************************
Bernstein-Bezier Inverse Vandermonde Matrix
3 3
1.000000000000000 -0.000000000000000 -0.000000000000000 
-0.000000000000000 1.000000000000000 -0.000000000000000 
-0.000000000000000 0.000000000000000 1.000000000000000 
******************************************
Bernstein-Bezier sparse D1 differentiation ids
3 3
0 0 0 
0 0 0 
0 0 0 
******************************************
Bernstein-Bezier sparse D2 differentiation ids
3 3
1 0 0 
1 0 0 
1 0 0 
******************************************
Bernstein-Bezier sparse D3 differentiation ids
3 3
2 0 0 
2 0 0 
2 0 0 
******************************************
Bernstein-Bezier sparse D differentiation values
3 3
1.000000000000000 0.000000000000000 0.000000000000000 
1.000000000000000 0.000000000000000 0.000000000000000 
1.000000000000000 0.000000000000000 0.000000000000000 
******************************************
Bernstein-Bezier L0 Matrix values
2 3
0.000000000000000 2.500000000000000 0.500000000000000 
0.500000000000000 2.500000000000000 0.000000000000000 
******************************************
Bernstein-Bezier EL lift ids
3 4
0 2 3 4 
1 3 4 5 
0 1 2 5 
******************************************
Bernstein-Bezier EL lift values
3 4
1.000000000000000 -0.500000000000000 -0.500000000000000 1.000000000000000 
1.000000000000000 1.000000000000000 -0.500000000000000 -0.500000000000000 
-0.500000000000000 -0.500000000000000 1.000000000000000 1.000000000000000 
******************************************
Cubature Bernstein-Bezier Interpolation Matrix
6 3
0.816847572980458 0.091576213509771 0.091576213509771 
0.091576213509771 0.816847572980459 0.091576213509771 
0.091576213509771 0.091576213509771 0.816847572980459 
0.108103018168070 0.445948490915965 0.445948490915965 
0.445948490915965 0.108103018168070 0.445948490915965 
0.445948490915965 0.445948490915965 0.108103018168070 
******************************************
Cubature Bernstein-Bezier Projection Matrix
3 6
0.747910548431865 -0.209027658732949 -0.209027658732950 -0.380366080465541 0.525255424749788 0.525255424749788 
-0.209027658732949 0.747910548431865 -0.209027658732949 0.525255424749788 -0.380366080465541 0.525255424749787 
-0.209027658732950 -0.209027658732949 0.747910548431865 0.525255424749788 0.525255424749787 -0.380366080465541 
******************************************
Bernstein-Bezier sparse 1D degree raise ids
3 2
0 0 
0 1 
1 0 
******************************************
Bernstein-Bezier sparse 1D degree raise values
3 2
1.000000000000000 0.000000000000000 
0.500000000000000 0.500000000000000 
1.000000000000000 0.000000000000000 
******************************************
Bernstein-Bezier sparse 1D degree lower matrix
1 2
0.500000000000000 0.500000000000000 
******************************************
IPDG overlapping patch forward matrix
9 9
0.310043826753348 0.310043826753347 0.310043826753347 0.235055613743879 0.235055613743878 0.235055613743878 0.235055613743878 0.235055613743878 0.235055613743878 
-0.267306442436278 -0.267306442436279 -0.267306442436279 0.235055613743882 0.235055613743875 0.235055613743883 0.235055613743875 0.235055613743876 0.235055613743882 
2.417205588626099 -1.225282036612749 -1.191923552013348 -1.491883116360280 1.196303590866181 0.312025154516813 0.287406310446629 -1.483709901312813 1.179857961843469 
0.217396264305138 1.712545680466844 -1.929941944771983 0.312417843212692 -0.791015084875785 -1.317137814166526 1.371048893059937 -0.580033808184155 1.004719970953837 
0.000000000000000 0.000000000000004 0.000000000000002 1.154700538379255 -1.154700538379259 1.154700538379252 -1.154700538379260 -1.154700538379260 1.154700538379255 
1.379197060879284 -0.818551593316653 -0.560645467562629 0.891479269265089 -0.253606789294180 -0.851776398230210 -0.717400381912721 0.971007171206900 -0.039702871034878 
-0.000007440964925 -1.098870606615507 1.098878047580434 -0.338853779628963 -0.911390993494822 -0.572538796313325 0.572547262245942 0.338843731248878 0.911392575942290 
1.042406269513008 -0.505615072671698 -0.536791196841309 0.689367579646061 -1.323547714425204 0.636033352380864 0.595494572041880 0.728053142383318 -1.325400932026921 
-0.000028545656108 -0.807324497337933 0.807353042994041 1.001784231415804 -0.047954763583318 -1.049811534832502 1.049777810195917 -1.001823046612596 0.048027303416695 
******************************************
IPDG overlapping patch diagonal scaling
9 1
3.660495942595802 
21.672837390737534 
34.839984039641230 
34.839984039641223 
23.999999999999986 
8.645704921349788 
8.645704921349781 
17.847644372342256 
17.847644372342263 
******************************************
IPDG overlapping patch backward matrix
9 9
0.999999999999999 -0.999999999999996 1.000000000000000 0.009158160035537 0.000000000000001 1.000000000000000 -0.117350146142339 0.787032982060542 0.015195998805590 
1.000000000000000 -1.000000000000000 -0.589525189927398 0.990841839964462 0.000000000000003 -0.500005078582287 -0.882649853857660 -0.393537361797612 -0.769739133766459 
0.999999999999999 -0.999999999999998 -0.410474810072601 -1.000000000000000 0.000000000000005 -0.499994921417712 1.000000000000000 -0.393495620262928 0.754543134960869 
0.758136732491290 0.879348853703421 -0.637437384558887 0.238252781234845 0.999999999999992 0.675205223956113 -0.369502456818671 0.535113267576329 0.956050626464935 
0.758136732491291 0.879348853703400 0.535645663618735 -0.486238086160501 -0.999999999999996 -0.106337697238888 -0.768244152895335 -1.000000000000000 -0.064612261152807 
0.758136732491292 0.879348853703420 0.190063000610950 -0.733493522309104 0.999999999999991 -0.568875950934738 -0.423698196116355 0.464884251161201 -0.982047021956874 
0.758136732491290 0.879348853703402 0.057922304314705 0.735764611418076 -0.999999999999999 -0.568870658779272 0.557212927039246 0.464938528302779 1.000000000000000 
0.758136732491290 0.879348853703403 -0.593567967933441 -0.249526525257573 -1.000000000000000 0.675208356018160 0.211031225856090 0.535061471697217 -0.935387738847193 
0.758136732491290 0.879348853703418 0.447374383947939 0.495240741074258 0.999999999999992 -0.106329273021376 0.793200652935027 -0.999997518737529 0.025996395491938 
******************************************
Nodal rotation permutations
3 3
0 1 2 
2 0 1 
1 2 0 
******************************************
IPDG full reference patch inverse matrix
12 12
0.376158124767284 -0.037465948682000 -0.037465948682000 0.018358314854180 0.156233006003942 -0.022479569209200 0.001123978460460 0.001123978460460 -0.005245232815480 0.156233006003942 0.018358314854180 -0.022479569209200 
-0.037465948682000 0.376158124767284 -0.037465948682000 0.156233006003942 0.018358314854180 -0.022479569209200 0.018358314854180 0.156233006003942 -0.022479569209200 0.001123978460460 0.001123978460460 -0.005245232815480 
-0.037465948682000 -0.037465948682000 0.376158124767284 0.001123978460460 0.001123978460460 -0.005245232815480 0.156233006003942 0.018358314854180 -0.022479569209200 0.018358314854180 0.156233006003941 -0.022479569209200 
0.018358314854180 0.156233006003942 0.001123978460460 0.309676880272668 -0.024956484705399 -0.060268141338184 0.016693161579425 0.068396170760585 -0.011437521555977 0.016693161579425 0.010948382781518 -0.005692742758071 
0.156233006003942 0.018358314854180 0.001123978460460 -0.024956484705399 0.309676880272668 -0.060268141338185 0.010948382781518 0.016693161579425 -0.005692742758071 0.068396170760585 0.016693161579425 -0.011437521555977 
-0.022479569209200 -0.022479569209200 -0.005245232815480 -0.060268141338184 -0.060268141338185 0.243830475464052 -0.005692742758071 -0.011437521555977 0.002549765951969 -0.011437521555977 -0.005692742758071 0.002549765951969 
0.001123978460460 0.018358314854180 0.156233006003942 0.016693161579425 0.010948382781518 -0.005692742758071 0.309676880272668 -0.024956484705399 -0.060268141338185 0.016693161579425 0.068396170760585 -0.011437521555977 
0.001123978460460 0.156233006003942 0.018358314854180 0.068396170760585 0.016693161579425 -0.011437521555977 -0.024956484705399 0.309676880272667 -0.060268141338185 0.010948382781518 0.016693161579425 -0.005692742758071 
-0.005245232815480 -0.022479569209200 -0.022479569209200 -0.011437521555977 -0.005692742758071 0.002549765951969 -0.060268141338184 -0.060268141338185 0.243830475464052 -0.005692742758071 -0.011437521555977 0.002549765951969 
0.156233006003942 0.001123978460460 0.018358314854180 0.016693161579425 0.068396170760585 -0.011437521555977 0.016693161579425 0.010948382781518 -0.005692742758071 0.309676880272668 -0.024956484705399 -0.060268141338184 
0.018358314854180 0.001123978460460 0.156233006003942 0.010948382781518 0.016693161579425 -0.005692742758071 0.068396170760585 0.016693161579425 -0.011437521555977 -0.024956484705399 0.309676880272667 -0.060268141338185 
-0.022479569209200 -0.005245232815480 -0.022479569209200 -0.005692742758071 -0.011437521555977 0.002549765951969 -0.011437521555977 -0.005692742758071 0.002549765951969 -0.060268141338184 -0.060268141338185 0.243830475464052 
******************************************
Nodal degree raise matrix
6 3
1.000000000000000 -0.000000000000000 0.000000000000000 
0.500000000000000 0.500000000000000 0.000000000000000 
-0.000000000000000 1.000000000000000 0.000000000000000 
0.500000000000000 -0.000000000000000 0.500000000000000 
-0.000000000000000 0.500000000000000 0.500000000000000 
-0.000000000000000 -0.000000000000000 1.000000000000000 
******************************************
Nodal degree lower matrix
1 3
0.333333333333333 0.333333333333333 0.333333333333333 
******************************************
SEMFEM r-coordinates
7 1
-1.000000000000000 
0.000000000000000 
1.000000000000000 
-1.000000000000000 
0.000000000000000 
-1.000000000000000 
-0.333333333333333 
******************************************
SEMFEM s-coordinates
7 1
-1.000000000000000 
-1.000000000000000 
-1.000000000000000 
0.000000000000000 
0.000000000000000 
1.000000000000000 
-0.333333333333333 
******************************************
SEMFEM reference mesh
6 3
1 4 6 
3 0 1 
3 1 6 
3 0 1 
3 1 6 
3 4 5 
******************************************
SEMFEM interpolation matrix
7 3
0.676190476190476 -0.123809523809524 -0.123809523809524 
0.276190476190476 0.276190476190476 -0.123809523809524 
-0.123809523809524 0.676190476190476 -0.123809523809524 
0.276190476190476 -0.123809523809524 0.276190476190476 
-0.123809523809524 0.276190476190476 0.276190476190476 
-0.123809523809524 -0.123809523809524 0.676190476190476 
0.142857142857143 0.142857142857143 0.142857142857143 
******************************************
Sparse basis Vandermonde
3 3
1.000000000000000 0.000000000000000 0.000000000000000 
0.000000000000000 1.000000000000000 0.000000000000000 
0.000000000000000 0.000000000000000 1.000000000000000 
******************************************
Sparse basis mass matrix
3 3
0.333333333333333 0.166666666666667 0.166666666666667 
0.166666666666667 0.333333333333333 0.166666666666667 
0.166666666666667 0.166666666666667 0.333333333333333 
******************************************
Sparse basis face modes
3 2
0 1 
1 2 
0 2 
******************************************
Sparse differentiation matrix ids
3 3
1 1 1 
2 2 2 
3 3 3 
******************************************
Sparse differentiation Srr values
3 3
0.500000000000000 -0.500000000000000 0.000000000000000 
-0.500000000000000 0.500000000000000 0.000000000000000 
0.000000000000000 0.000000000000000 0.000000000000000 
******************************************
Sparse differentiation Srs values
3 3
1.000000000000000 -0.500000000000000 -0.500000000000000 
-0.500000000000000 0.000000000000000 0.500000000000000 
-0.500000000000000 0.500000000000000 0.000000000000000 
******************************************
Sparse differentiation Sss values
3 3
0.500000000000000 0.000000000000000 -0.500000000000000 
0.000000000000000 0.000000000000000 0.000000000000000 
-0.500000000000000 0.000000000000000 0.500000000000000 
