% degree N
1
% number of nodes
3
% node coordinates
-1.000000000000000E+00 -1.000000000000000E+00
1.000000000000000E+00 -1.000000000000000E+00
-1.000000000000000E+00 1.000000000000000E+00
% r collocation differentation matrix
-5.000000000000000E-01 5.000000000000000E-01 0.000000000000000E+00
-5.000000000000000E-01 5.000000000000000E-01 0.000000000000000E+00
-5.000000000000000E-01 5.000000000000000E-01 0.000000000000000E+00
% s collocation differentation matrix
-4.999999999999999E-01 -3.204937810639274E-17 5.000000000000000E-01
-5.000000000000001E-01 6.409875621278547E-17 5.000000000000000E-01
-4.999999999999999E-01 -3.204937810639274E-17 5.000000000000000E-01
% reference mass matrix
3.333333333333334E-01 1.666666666666667E-01 1.666666666666667E-01
1.666666666666668E-01 3.333333333333333E-01 1.666666666666667E-01
1.666666666666667E-01 1.666666666666667E-01 3.333333333333334E-01
% FaceNodes
0 1
1 2
0 2
% LIFT matrix
2.500000000000000E+00 5.000000000000004E-01 -1.500000000000000E+00 -1.500000000000000E+00 2.500000000000000E+00 4.999999999999999E-01
5.000000000000004E-01 2.500000000000000E+00 2.500000000000000E+00 4.999999999999999E-01 -1.500000000000000E+00 -1.500000000000000E+00
-1.500000000000000E+00 -1.500000000000000E+00 5.000000000000001E-01 2.500000000000000E+00 5.000000000000001E-01 2.500000000000000E+00
% number of plot nodes
21
% plot node coordinates
-1.000000000000000E+00 -1.000000000000000E+00
-6.000000000000002E-01 -1.000000000000000E+00
-1.999999999999999E-01 -1.000000000000000E+00
1.999999999999999E-01 -1.000000000000000E+00
6.000000000000002E-01 -1.000000000000000E+00
1.000000000000000E+00 -1.000000000000000E+00
-1.000000000000000E+00 -6.000000000000001E-01
-6.000000000000000E-01 -6.000000000000000E-01
-2.000000000000000E-01 -6.000000000000000E-01
1.999999999999999E-01 -6.000000000000001E-01
6.000000000000003E-01 -6.000000000000001E-01
-1.000000000000000E+00 -1.999999999999999E-01
-6.000000000000000E-01 -1.999999999999999E-01
-2.000000000000000E-01 -2.000000000000000E-01
1.999999999999999E-01 -1.999999999999999E-01
-1.000000000000000E+00 1.999999999999999E-01
-6.000000000000000E-01 1.999999999999999E-01
-1.999999999999999E-01 1.999999999999999E-01
-1.000000000000000E+00 6.000000000000002E-01
-6.000000000000001E-01 6.000000000000002E-01
-1.000000000000000E+00 1.000000000000000E+00
% plot node interpolation matrix
1.000000000000000E+00 0.000000000000000E+00 0.000000000000000E+00
8.000000000000002E-01 1.999999999999999E-01 0.000000000000000E+00
6.000000000000000E-01 4.000000000000000E-01 0.000000000000000E+00
4.000000000000000E-01 6.000000000000000E-01 0.000000000000000E+00
2.000000000000000E-01 8.000000000000000E-01 0.000000000000000E+00
0.000000000000000E+00 1.000000000000000E+00 0.000000000000000E+00
8.000000000000002E-01 -1.281975124255709E-16 2.000000000000000E-01
6.000000000000000E-01 2.000000000000000E-01 2.000000000000000E-01
4.000000000000000E-01 4.000000000000000E-01 2.000000000000000E-01
2.000000000000001E-01 6.000000000000000E-01 2.000000000000000E-01
-2.220446049250313E-16 8.000000000000003E-01 2.000000000000000E-01
5.999999999999999E-01 -3.204937810639274E-17 4.000000000000001E-01
3.999999999999999E-01 2.000000000000000E-01 4.000000000000001E-01
2.000000000000000E-01 4.000000000000001E-01 4.000000000000000E-01
-1.110223024625157E-16 6.000000000000000E-01 4.000000000000001E-01
4.000000000000000E-01 0.000000000000000E+00 6.000000000000000E-01
2.000000000000000E-01 2.000000000000000E-01 6.000000000000000E-01
-5.551115123125783E-17 4.000000000000001E-01 6.000000000000000E-01
1.999999999999999E-01 -6.409875621278547E-17 8.000000000000002E-01
-2.775557561562891E-17 1.999999999999999E-01 8.000000000000002E-01
0.000000000000000E+00 0.000000000000000E+00 1.000000000000000E+00
% number of plot elements
25
% number of vertices per plot elements
3
% triangulation of plot nodes
9 10 14
19 18 16
17 16 13
13 12 8
0 1 6
2 7 1
2 8 7
7 11 6
1 7 6
8 9 13
12 15 11
12 16 15
7 12 11
16 18 15
13 16 12
18 19 20
10 9 4
14 13 9
16 17 19
13 14 17
7 8 12
2 3 8
9 8 3
10 4 5
9 3 4
% number of volume cubature nodes
6
% cubature node coordinates and weights
-8.168475729804580E-01 -8.168475729804580E-01 2.199034873106440E-01
6.336951459609170E-01 -8.168475729804590E-01 2.199034873106440E-01
-8.168475729804590E-01 6.336951459609170E-01 2.199034873106440E-01
-1.081030181680700E-01 -1.081030181680700E-01 4.467631793560230E-01
-7.837939636638600E-01 -1.081030181680700E-01 4.467631793560230E-01
-1.081030181680700E-01 -7.837939636638600E-01 4.467631793560230E-01
% cubature interpolation matrix
8.168475729804580E-01 9.157621350977103E-02 9.157621350977101E-02
9.157621350977085E-02 8.168475729804586E-01 9.157621350977048E-02
9.157621350977102E-02 9.157621350977058E-02 8.168475729804584E-01
1.081030181680699E-01 4.459484909159651E-01 4.459484909159650E-01
4.459484909159650E-01 1.081030181680700E-01 4.459484909159650E-01
4.459484909159649E-01 4.459484909159651E-01 1.081030181680700E-01
% cubature r weak differentiation matrix
-6.597104619319318E-01 -6.597104619319318E-01 -6.597104619319318E-01 -1.340289538068069E+00 -1.340289538068069E+00 -1.340289538068069E+00
6.597104619319318E-01 6.597104619319318E-01 6.597104619319318E-01 1.340289538068069E+00 1.340289538068069E+00 1.340289538068069E+00
0.000000000000000E+00 0.000000000000000E+00 0.000000000000000E+00 0.000000000000000E+00 0.000000000000000E+00 0.000000000000000E+00
% cubature s weak differentiation matrix
-6.597104619319318E-01 -6.597104619319319E-01 -6.597104619319319E-01 -1.340289538068069E+00 -1.340289538068069E+00 -1.340289538068069E+00
-9.765676592305716E-17 4.882838296152858E-17 -4.882838296152858E-17 9.920135365515903E-17 -9.920135365515903E-17 -9.920135365515903E-17
6.597104619319319E-01 6.597104619319319E-01 6.597104619319319E-01 1.340289538068069E+00 1.340289538068069E+00 1.340289538068069E+00
% cubature projection matrix
7.479105484318648E-01 -2.090276587329495E-01 -2.090276587329495E-01 -3.803660804655413E-01 5.252554247497879E-01 5.252554247497879E-01
-2.090276587329494E-01 7.479105484318657E-01 -2.090276587329501E-01 5.252554247497879E-01 -3.803660804655413E-01 5.252554247497879E-01
-2.090276587329495E-01 -2.090276587329502E-01 7.479105484318657E-01 5.252554247497879E-01 5.252554247497879E-01 -3.803660804655413E-01
% number of surface integration nodes per face
3
% surface integration interpolation matrix
8.872983346207417E-01 1.127016653792584E-01
5.000000000000000E-01 5.000000000000000E-01
1.127016653792582E-01 8.872983346207418E-01
8.872983346207417E-01 1.127016653792584E-01
5.000000000000001E-01 5.000000000000000E-01
1.127016653792584E-01 8.872983346207417E-01
1.127016653792584E-01 8.872983346207416E-01
5.000000000000000E-01 5.000000000000000E-01
8.872983346207417E-01 1.127016653792583E-01
% surface integration lift matrix
2.124327782069140E+00 1.333333333333333E+00 -4.576611154024727E-01 -8.333333333333337E-01 -1.333333333333334E+00 -8.333333333333338E-01 -4.576611154024722E-01 1.333333333333333E+00 2.124327782069140E+00
-4.576611154024722E-01 1.333333333333333E+00 2.124327782069141E+00 2.124327782069140E+00 1.333333333333334E+00 -4.576611154024723E-01 -8.333333333333337E-01 -1.333333333333333E+00 -8.333333333333335E-01
-8.333333333333337E-01 -1.333333333333333E+00 -8.333333333333337E-01 -4.576611154024722E-01 1.333333333333333E+00 2.124327782069140E+00 2.124327782069139E+00 1.333333333333333E+00 -4.576611154024726E-01
% Bernstein VDM matrix
1.000000000000000E+00 0.000000000000000E+00 0.000000000000000E+00
-0.000000000000000E+00 1.000000000000000E+00 0.000000000000000E+00
-0.000000000000000E+00 0.000000000000000E+00 1.000000000000000E+00
% inverse Bernstein VDM matrix
1.000000000000000E+00 0.000000000000000E+00 -0.000000000000000E+00
0.000000000000000E+00 1.000000000000000E+00 -0.000000000000000E+00
-0.000000000000000E+00 -0.000000000000000E+00 1.000000000000000E+00
% sparse BB D1 matrix ids
0 0 0
0 0 0
0 0 0
% sparse BB D2 matrix ids
1 0 0
1 0 0
1 0 0
% sparse BB D3 matrix ids
2 0 0
2 0 0
2 0 0
% sparse BB D1,D2,D3 matrix values
1.000000000000000E+00 0.000000000000000E+00 0.000000000000000E+00
1.000000000000000E+00 0.000000000000000E+00 0.000000000000000E+00
1.000000000000000E+00 0.000000000000000E+00 0.000000000000000E+00
% BB cubature interpolation matrix
8.168475729804580E-01 9.157621350977102E-02 9.157621350977102E-02
9.157621350977097E-02 8.168475729804585E-01 9.157621350977052E-02
9.157621350977097E-02 9.157621350977052E-02 8.168475729804585E-01
1.081030181680700E-01 4.459484909159650E-01 4.459484909159650E-01
4.459484909159650E-01 1.081030181680700E-01 4.459484909159650E-01
4.459484909159650E-01 4.459484909159650E-01 1.081030181680700E-01
% BB cubature projection matrix
7.479105484318648E-01 -2.090276587329494E-01 -2.090276587329497E-01 -3.803660804655414E-01 5.252554247497876E-01 5.252554247497879E-01
-2.090276587329494E-01 7.479105484318646E-01 -2.090276587329493E-01 5.252554247497877E-01 -3.803660804655405E-01 5.252554247497869E-01
-2.090276587329495E-01 -2.090276587329493E-01 7.479105484318648E-01 5.252554247497878E-01 5.252554247497870E-01 -3.803660804655406E-01
% BB L0 values
0.000000000000000E+00 2.500000000000000E+00 5.000000000000000E-01
5.000000000000000E-01 2.500000000000000E+00 0.000000000000000E+00
% BB EL ids
0 2 3 4
1 2 4 5
0 1 3 5
% BB EL values
1.000000000000000E+00 -5.000000000000001E-01 -4.999999999999999E-01 1.000000000000000E+00
1.000000000000000E+00 1.000000000000000E+00 -5.000000000000001E-01 -4.999999999999999E-01
-5.000000000000001E-01 -4.999999999999999E-01 1.000000000000000E+00 1.000000000000000E+00
% BB degree raise ids
0 0
0 1
1 0
% BB degree raise values
9.999999999999999E-01 0.000000000000000E+00
5.000000000000000E-01 5.000000000000000E-01
1.000000000000000E+00 0.000000000000000E+00
% BB degree lower matrix
5.000000000000000E-01 5.000000000000000E-01
% stencil size for IPDG OAS NpP
9
% forward matrix [ change of basis for IPDG OAS precon ]
3.100438267533479E-01 3.100438267533475E-01 3.100438267533474E-01 2.350556137438785E-01 2.350556137438785E-01 2.350556137438789E-01 2.350556137438790E-01 2.350556137438781E-01 2.350556137438795E-01
-2.673064424362789E-01 -2.673064424362790E-01 -2.673064424362785E-01 2.350556137438798E-01 2.350556137438776E-01 2.350556137438803E-01 2.350556137438774E-01 2.350556137438769E-01 2.350556137438805E-01
-2.416611355324353E+00 1.233159139430093E+00 1.183452215894257E+00 1.493520142607115E+00 -1.200041383983637E+00 -3.179841171296443E-01 -2.812999867072647E-01 1.481341370690906E+00 -1.175536025477473E+00
1.898191290624374E-01 1.729975682845997E+00 -1.919794811908434E+00 3.302838374444568E-01 -8.063647392702624E-01 -1.323244585994741E+00 1.370316940596014E+00 -5.639522013257505E-01 9.929607485502829E-01
3.839156561373364E-02 -1.239171078938216E+00 1.200779513324483E+00 -3.502691899152577E-01 -1.015913630383706E+00 -6.574798225258306E-01 6.137999489071931E-01 4.021136814765154E-01 1.007749012441085E+00
-1.366939400844804E+00 2.939282094269105E-01 1.073011191417892E+00 -1.043085732298819E+00 -1.777291129220747E-01 5.746537584696985E-01 9.805769105259744E-01 -8.028477976038992E-01 4.684319738291205E-01
-1.443289932012704E-15 -2.664535259100376E-15 0.000000000000000E+00 -1.154700538379251E+00 1.154700538379255E+00 -1.154700538379254E+00 1.154700538379258E+00 1.154700538379255E+00 -1.154700538379251E+00
1.045982130096099E+00 -4.784794325660006E-01 -5.675026975300983E-01 6.559082999012270E-01 -1.326371860639465E+00 6.757554142315287E-01 5.599971319061050E-01 7.663747287333601E-01 -1.331663714132755E+00
-3.627927650567264E-02 -8.041187094426029E-01 8.403979859482761E-01 9.956513907781224E-01 -2.781703024367255E-03 -1.090625498246542E+00 1.047764146198591E+00 -1.044982443174226E+00 9.497410746842039E-02
% diagOp
3.660495942595801E+00
2.167283739073752E+01
3.483998403964126E+01
3.483998403964120E+01
8.645704921349777E+00
8.645704921349777E+00
2.399999999999997E+01
1.784764437234227E+01
1.784764437234224E+01
% backward matrix [ reverse change of basis for IPDG OAS precon ]
9.999999999999972E-01 -9.999999999999970E-01 -1.000000000000000E+00 1.361919156486071E-02 3.193027696796495E-01 -1.000000000000000E+00 -3.897942020811849E-16 7.858174055769124E-01 4.253896072088686E-02
9.999999999999987E-01 -1.000000000000000E+00 5.780127665569317E-01 9.863808084351384E-01 -1.000000000000000E+00 4.763981497808946E-01 -1.414565570521348E-15 -4.189122882368106E-01 -7.709891086764343E-01
1.000000000000000E+00 -9.999999999999989E-01 4.219872334430678E-01 -1.000000000000000E+00 6.806972303203508E-01 5.236018502191048E-01 -1.417492304386192E-15 -3.669051173401017E-01 7.284501479555477E-01
7.581367324912894E-01 8.793488537034154E-01 6.346167075091271E-01 2.349605021960506E-01 -4.353439982654401E-02 -6.824846536841798E-01 -9.999999999999953E-01 5.665280315044166E-01 9.592270457198053E-01
7.581367324912905E-01 8.793488537034062E-01 -5.299700747490149E-01 -4.829458071217068E-01 -7.309265662121494E-01 8.675842375741130E-02 1.000000000000000E+00 -1.000000000000000E+00 -9.861566511457194E-02
7.581367324912905E-01 8.793488537034143E-01 -1.815667346914674E-01 -7.312942476576648E-01 -6.194870137621221E-01 5.565761071813273E-01 -9.999999999999951E-01 4.303804807918135E-01 -9.497432819277168E-01
7.581367324912894E-01 8.793488537034058E-01 -6.641857023418714E-02 7.346716070307189E-01 2.562013700868079E-01 5.811705025326809E-01 9.999999999999991E-01 4.980061826129647E-01 1.000000000000000E+00
7.581367324912894E-01 8.793488537034048E-01 5.963886449832030E-01 -2.517257999090124E-01 4.747251961253395E-01 -6.679289262900932E-01 9.999999999999983E-01 5.019938173870363E-01 -9.013843348854322E-01
7.581367324912897E-01 8.793488537034172E-01 -4.530499728176592E-01 4.963337454616144E-01 6.630214135886677E-01 1.259085465028520E-01 -9.999999999999960E-01 -9.969085122962302E-01 -9.483763792084893E-03
% rotated local ids
0 1 2
1 2 0
2 0 1
% patch inverse matrix
3.761581247672841E-01 -3.746594868200037E-02 -3.746594868200033E-02 1.835831485418015E-02 1.562330060039417E-01 -2.247956920920024E-02 1.123978460460032E-03 1.123978460459983E-03 -5.245232815480049E-03 1.562330060039417E-01 1.835831485418027E-02 -2.247956920920022E-02
-3.746594868200039E-02 3.761581247672838E-01 -3.746594868200041E-02 1.562330060039417E-01 1.835831485418025E-02 -2.247956920920023E-02 1.835831485418018E-02 1.562330060039415E-01 -2.247956920920023E-02 1.123978460460032E-03 1.123978460460018E-03 -5.245232815480060E-03
-3.746594868200030E-02 -3.746594868200038E-02 3.761581247672838E-01 1.123978460460027E-03 1.123978460460058E-03 -5.245232815480064E-03 1.562330060039416E-01 1.835831485418024E-02 -2.247956920920023E-02 1.835831485418023E-02 1.562330060039415E-01 -2.247956920920023E-02
1.835831485418017E-02 1.562330060039416E-01 1.123978460460006E-03 3.096768802726678E-01 -2.495648470539913E-02 -6.026814133818451E-02 1.669316157942462E-02 6.839617076058517E-02 -1.143752155597734E-02 1.669316157942461E-02 1.094838278151790E-02 -5.692742758070616E-03
1.562330060039417E-01 1.835831485418026E-02 1.123978460460032E-03 -2.495648470539914E-02 3.096768802726676E-01 -6.026814133818452E-02 1.094838278151790E-02 1.669316157942463E-02 -5.692742758070616E-03 6.839617076058517E-02 1.669316157942465E-02 -1.143752155597734E-02
-2.247956920920025E-02 -2.247956920920022E-02 -5.245232815480058E-03 -6.026814133818450E-02 -6.026814133818453E-02 2.438304754640520E-01 -5.692742758070616E-03 -1.143752155597734E-02 2.549765951969471E-03 -1.143752155597735E-02 -5.692742758070619E-03 2.549765951969471E-03
1.123978460460050E-03 1.835831485418023E-02 1.562330060039415E-01 1.669316157942464E-02 1.094838278151791E-02 -5.692742758070619E-03 3.096768802726677E-01 -2.495648470539906E-02 -6.026814133818451E-02 1.669316157942464E-02 6.839617076058510E-02 -1.143752155597734E-02
1.123978460460000E-03 1.562330060039415E-01 1.835831485418022E-02 6.839617076058517E-02 1.669316157942464E-02 -1.143752155597734E-02 -2.495648470539908E-02 3.096768802726674E-01 -6.026814133818451E-02 1.094838278151789E-02 1.669316157942463E-02 -5.692742758070618E-03
-5.245232815480050E-03 -2.247956920920025E-02 -2.247956920920022E-02 -1.143752155597735E-02 -5.692742758070619E-03 2.549765951969472E-03 -6.026814133818450E-02 -6.026814133818453E-02 2.438304754640519E-01 -5.692742758070616E-03 -1.143752155597733E-02 2.549765951969471E-03
1.562330060039417E-01 1.123978460460043E-03 1.835831485418022E-02 1.669316157942462E-02 6.839617076058518E-02 -1.143752155597735E-02 1.669316157942463E-02 1.094838278151790E-02 -5.692742758070614E-03 3.096768802726678E-01 -2.495648470539907E-02 -6.026814133818448E-02
1.835831485418032E-02 1.123978460460032E-03 1.562330060039415E-01 1.094838278151791E-02 1.669316157942467E-02 -5.692742758070623E-03 6.839617076058511E-02 1.669316157942465E-02 -1.143752155597734E-02 -2.495648470539906E-02 3.096768802726674E-01 -6.026814133818453E-02
-2.247956920920024E-02 -5.245232815480064E-03 -2.247956920920021E-02 -5.692742758070617E-03 -1.143752155597734E-02 2.549765951969471E-03 -1.143752155597733E-02 -5.692742758070617E-03 2.549765951969468E-03 -6.026814133818448E-02 -6.026814133818450E-02 2.438304754640519E-01
% degree raising interpolation matrix
6 3
1.000000000000000E+00 0.000000000000000E+00 0.000000000000000E+00
5.000000000000000E-01 5.000000000000000E-01 0.000000000000000E+00
0.000000000000000E+00 1.000000000000000E+00 0.000000000000000E+00
5.000000000000000E-01 0.000000000000000E+00 5.000000000000000E-01
-1.110223024625157E-16 5.000000000000001E-01 5.000000000000000E-01
0.000000000000000E+00 0.000000000000000E+00 1.000000000000000E+00
% degree lowering interpolation matrix
1 3
3.333333333333334E-01 3.333333333333334E-01 3.333333333333333E-01
% number of FEM points
7
% SEMFEM rs coordinates
-1.000000000000000E+00 -1.000000000000000E+00
0.000000000000000E+00 -1.000000000000000E+00
1.000000000000000E+00 -1.000000000000000E+00
-1.000000000000000E+00 0.000000000000000E+00
0.000000000000000E+00 0.000000000000000E+00
-1.000000000000000E+00 1.000000000000000E+00
-3.333333333333334E-01 -3.333333333333335E-01
% number of reference FEM elements
6
% SEMFEM reference EToV
4 3 6
3 0 1
4 5 3
1 4 6
3 1 6
1 2 4
% SEM to FEM interpolation matrix
6.761904761904762E-01 -1.238095238095238E-01 -1.238095238095238E-01
2.761904761904763E-01 2.761904761904762E-01 -1.238095238095238E-01
-1.238095238095238E-01 6.761904761904762E-01 -1.238095238095238E-01
2.761904761904762E-01 -1.238095238095238E-01 2.761904761904762E-01
-1.238095238095239E-01 2.761904761904763E-01 2.761904761904762E-01
-1.238095238095238E-01 -1.238095238095238E-01 6.761904761904761E-01
1.428571428571431E-01 1.428571428571428E-01 1.428571428571428E-01
