******************************************
Nodal r-coordinates
15 1
-1.000000000000000 
-0.654653670707977 
0.000000000000000 
0.654653670707977 
1.000000000000000 
-1.000000000000000 
-0.551583507555306 
0.103167015110611 
0.654653670707977 
-1.000000000000000 
-0.551583507555306 
0.000000000000000 
-1.000000000000000 
-0.654653670707977 
-1.000000000000000 
******************************************
Nodal s-coordinates
15 1
-1.000000000000000 
-1.000000000000000 
-1.000000000000000 
-1.000000000000000 
-1.000000000000000 
-0.654653670707977 
-0.551583507555306 
-0.551583507555306 
-0.654653670707977 
0.000000000000000 
0.103167015110611 
0.000000000000000 
0.654653670707977 
0.654653670707977 
1.000000000000000 
******************************************
Nodal Dr differentiation matrix
15 15
-4.999999999999997 6.756502488724236 -2.666666666666667 1.410164177942429 -0.500000000000001 0.000000000000000 0.000000000000001 -0.000000000000003 -0.000000000000001 0.000000000000000 -0.000000000000000 0.000000000000001 0.000000000000000 -0.000000000000000 0.000000000000000 
-1.240990253030982 -0.000000000000001 1.745743121887939 -0.763762615825973 0.259009746969017 0.000000000000000 0.000000000000000 0.000000000000001 0.000000000000001 0.000000000000000 -0.000000000000001 -0.000000000000000 0.000000000000000 0.000000000000000 -0.000000000000000 
0.375000000000000 -1.336584577695453 0.000000000000001 1.336584577695454 -0.375000000000000 -0.000000000000000 -0.000000000000000 -0.000000000000001 -0.000000000000001 -0.000000000000000 0.000000000000000 0.000000000000000 -0.000000000000000 -0.000000000000000 0.000000000000000 
-0.259009746969017 0.763762615825973 -1.745743121887938 -0.000000000000000 1.240990253030983 -0.000000000000000 0.000000000000000 -0.000000000000000 0.000000000000001 -0.000000000000000 0.000000000000001 -0.000000000000000 -0.000000000000000 0.000000000000000 -0.000000000000000 
0.500000000000001 -1.410164177942427 2.666666666666666 -6.756502488724238 4.999999999999998 -0.000000000000000 0.000000000000001 0.000000000000009 0.000000000000003 0.000000000000000 -0.000000000000001 -0.000000000000003 0.000000000000000 0.000000000000001 -0.000000000000001 
-0.985089969064672 2.410138459487760 -2.012532958932447 1.569010545082539 -0.690212510791341 -3.334844906604315 4.745854126443493 -1.764262700058703 0.470287772129709 -0.382517293830797 -0.405522204029218 0.171966263488872 0.263343412378358 0.041485313430591 -0.097103349129831 
0.371019669995841 -0.661277182036353 0.755745350898689 -0.661277182036353 0.319018410667360 -0.889415460346616 -0.203710705556144 1.527299277178653 -0.361530534897948 -0.189940821761877 -0.000000000000000 -0.077207345669218 0.075998483764546 0.030891943879772 -0.035613904080352 
-0.319018410667360 0.661277182036353 -0.755745350898689 0.661277182036353 -0.371019669995841 0.361530534897948 -1.527299277178653 0.203710705556145 0.889415460346615 0.077207345669217 0.000000000000000 0.189940821761877 -0.030891943879772 -0.075998483764546 0.035613904080352 
0.690212510791342 -1.569010545082538 2.012532958932446 -2.410138459487759 0.985089969064671 -0.470287772129708 1.764262700058700 -4.745854126443493 3.334844906604316 -0.171966263488870 0.405522204029215 0.382517293830796 -0.041485313430592 -0.263343412378357 0.097103349129830 
0.513947317981921 -0.388517631968032 -0.610495858513130 1.255574460832309 -0.832871893884847 -1.490459951871574 3.797790432112488 -3.087459725102732 1.255574460832307 -3.196930495855842 3.797790432112494 -0.610495858513130 -0.153875374176122 -0.388517631968032 0.138947317981920 
-0.354632314747712 0.392422478777722 -0.000000000000000 -0.392422478777721 0.354632314747712 0.737275665800899 -1.527299277178652 1.527299277178653 -0.737275665800898 -0.945686172660566 0.000000000000000 0.945686172660566 -0.228138278310263 0.228138278310263 -0.000000000000000 
0.832871893884847 -1.255574460832306 0.610495858513130 0.388517631968030 -0.513947317981920 -1.255574460832307 3.087459725102727 -3.797790432112488 1.490459951871573 0.610495858513128 -3.797790432112493 3.196930495855844 0.388517631968031 0.153875374176122 -0.138947317981920 
-0.356113096098849 0.041485313430593 0.171966263488870 0.470287772129710 -0.690212510791340 1.027106028204333 -0.405522204029218 -1.764262700058706 1.569010545082540 -2.128260415718736 4.745854126443496 -2.012532958932448 -3.334844906604314 2.410138459487762 0.255900283966311 
0.690212510791341 -0.470287772129709 -0.171966263488872 -0.041485313430592 0.356113096098848 -1.569010545082537 1.764262700058703 0.405522204029217 -1.027106028204332 2.012532958932448 -4.745854126443494 2.128260415718736 -2.410138459487763 3.334844906604317 -0.255900283966312 
0.499999999999998 -0.000000000000005 -0.000000000000000 0.000000000000000 -0.500000000000000 -1.410164177942426 -0.000000000000000 0.000000000000000 1.410164177942426 2.666666666666664 0.000000000000005 -2.666666666666666 -6.756502488724243 6.756502488724243 -0.000000000000001 
******************************************
Nodal Ds differentiation matrix
15 15
-5.000000000000002 -0.000000000000001 -0.000000000000001 0.000000000000000 -0.000000000000000 6.756502488724242 0.000000000000002 -0.000000000000002 0.000000000000000 -2.666666666666665 0.000000000000001 0.000000000000001 1.410164177942427 -0.000000000000000 -0.500000000000000 
-0.985089969064671 -3.334844906604316 -0.382517293830797 0.263343412378359 -0.097103349129830 2.410138459487759 4.745854126443496 -0.405522204029217 0.041485313430592 -2.012532958932447 -1.764262700058705 0.171966263488872 1.569010545082538 0.470287772129709 -0.690212510791341 
0.513947317981920 -1.490459951871574 -3.196930495855840 -0.153875374176122 0.138947317981921 -0.388517631968033 3.797790432112494 3.797790432112494 -0.388517631968033 -0.610495858513129 -3.087459725102732 -0.610495858513129 1.255574460832307 1.255574460832306 -0.832871893884847 
-0.356113096098849 1.027106028204332 -2.128260415718735 -3.334844906604316 0.255900283966311 0.041485313430591 -0.405522204029219 4.745854126443493 2.410138459487763 0.171966263488873 -1.764262700058702 -2.012532958932447 0.470287772129708 1.569010545082538 -0.690212510791341 
0.500000000000000 -1.410164177942424 2.666666666666668 -6.756502488724236 -0.000000000000001 0.000000000000001 -0.000000000000004 0.000000000000000 6.756502488724244 -0.000000000000001 -0.000000000000006 -2.666666666666670 -0.000000000000000 1.410164177942429 -0.500000000000002 
-1.240990253030982 -0.000000000000000 0.000000000000001 0.000000000000000 0.000000000000000 -0.000000000000001 -0.000000000000001 -0.000000000000001 -0.000000000000001 1.745743121887939 0.000000000000000 0.000000000000001 -0.763762615825974 0.000000000000000 0.259009746969017 
0.371019669995841 -0.889415460346616 -0.189940821761877 0.075998483764546 -0.035613904080352 -0.661277182036353 -0.203710705556145 -0.000000000000001 0.030891943879772 0.755745350898689 1.527299277178654 -0.077207345669218 -0.661277182036353 -0.361530534897949 0.319018410667360 
-0.354632314747712 0.737275665800899 -0.945686172660567 -0.228138278310263 0.000000000000000 0.392422478777721 -1.527299277178654 -0.000000000000000 0.228138278310263 -0.000000000000000 1.527299277178654 0.945686172660566 -0.392422478777721 -0.737275665800899 0.354632314747712 
0.690212510791341 -1.569010545082536 2.012532958932447 -2.410138459487762 -0.255900283966311 -0.470287772129710 1.764262700058697 -4.745854126443493 3.334844906604315 -0.171966263488871 0.405522204029217 2.128260415718737 -0.041485313430591 -1.027106028204331 0.356113096098848 
0.375000000000000 -0.000000000000000 0.000000000000000 0.000000000000000 -0.000000000000000 -1.336584577695453 0.000000000000001 0.000000000000001 -0.000000000000000 0.000000000000000 -0.000000000000000 0.000000000000000 1.336584577695454 -0.000000000000001 -0.375000000000000 
-0.319018410667360 0.361530534897949 0.077207345669217 -0.030891943879772 0.035613904080352 0.661277182036353 -1.527299277178653 -0.000000000000001 -0.075998483764546 -0.755745350898689 0.203710705556145 0.189940821761877 0.661277182036353 0.889415460346616 -0.371019669995841 
0.832871893884847 -1.255574460832306 0.610495858513130 0.388517631968032 -0.138947317981920 -1.255574460832306 3.087459725102728 -3.797790432112490 0.153875374176120 0.610495858513129 -3.797790432112493 3.196930495855844 0.388517631968032 1.490459951871575 -0.513947317981921 
-0.259009746969017 0.000000000000000 -0.000000000000000 -0.000000000000000 0.000000000000000 0.763762615825973 -0.000000000000001 0.000000000000000 0.000000000000000 -1.745743121887939 -0.000000000000001 -0.000000000000000 0.000000000000000 0.000000000000001 1.240990253030983 
0.690212510791340 -0.470287772129711 -0.171966263488872 -0.041485313430592 0.097103349129831 -1.569010545082537 1.764262700058703 0.405522204029216 -0.263343412378359 2.012532958932447 -4.745854126443494 0.382517293830797 -2.410138459487763 3.334844906604316 0.985089969064671 
0.499999999999998 -0.000000000000001 0.000000000000001 0.000000000000000 -0.000000000000000 -1.410164177942425 -0.000000000000001 -0.000000000000003 0.000000000000001 2.666666666666665 -0.000000000000000 -0.000000000000002 -6.756502488724241 0.000000000000002 5.000000000000000 
******************************************
Nodal Mass Matrix
15 15
0.010724285141018 -0.006465191547500 0.002854839819725 0.000217402352307 -0.000452909263349 -0.006465191547500 0.006734296192610 -0.000694800974310 -0.003205164385363 0.002854839819725 -0.000694800974310 -0.006853800707405 0.000217402352307 -0.003205164385363 -0.000452909263349 
-0.006465191547500 0.062801140883935 -0.008464255262476 0.001425768560505 0.000217402352307 0.028416056476082 0.013836895519887 -0.002986594309590 0.008189533341585 -0.015243832167610 -0.007424001994335 0.011475585846287 0.008189533341585 0.003968012160146 -0.003205164385363 
0.002854839819725 -0.008464255262476 0.082044998534657 -0.008464255262476 0.002854839819725 -0.015243832167610 0.036781249416058 0.036781249416058 -0.015243832167610 -0.009747408424479 -0.029133678908819 -0.009747408424479 0.011475585846287 0.011475585846287 -0.006853800707405 
0.000217402352307 0.001425768560505 -0.008464255262476 0.062801140883935 -0.006465191547500 0.008189533341585 -0.002986594309590 0.013836895519887 0.028416056476082 0.011475585846287 -0.007424001994335 -0.015243832167610 0.003968012160146 0.008189533341585 -0.003205164385363 
-0.000452909263349 0.000217402352307 0.002854839819725 -0.006465191547500 0.010724285141018 -0.003205164385363 -0.000694800974310 0.006734296192610 -0.006465191547500 -0.006853800707405 -0.000694800974310 0.002854839819725 -0.003205164385363 0.000217402352307 -0.000452909263349 
-0.006465191547500 0.028416056476082 -0.015243832167610 0.008189533341585 -0.003205164385363 0.062801140883935 0.013836895519887 -0.007424001994335 0.003968012160146 -0.008464255262476 -0.002986594309590 0.011475585846287 0.001425768560505 0.008189533341585 0.000217402352307 
0.006734296192610 0.013836895519887 0.036781249416058 -0.002986594309590 -0.000694800974310 0.013836895519887 0.328739284582416 0.007678240925731 -0.007424001994335 0.036781249416058 0.007678240925731 -0.029133678908819 -0.002986594309590 -0.007424001994335 -0.000694800974310 
-0.000694800974310 -0.002986594309590 0.036781249416058 0.013836895519887 0.006734296192610 -0.007424001994335 0.007678240925732 0.328739284582416 0.013836895519887 -0.029133678908819 0.007678240925731 0.036781249416058 -0.007424001994335 -0.002986594309590 -0.000694800974310 
-0.003205164385363 0.008189533341585 -0.015243832167610 0.028416056476082 -0.006465191547500 0.003968012160146 -0.007424001994335 0.013836895519887 0.062801140883935 0.011475585846287 -0.002986594309590 -0.008464255262476 0.008189533341585 0.001425768560505 0.000217402352307 
0.002854839819725 -0.015243832167610 -0.009747408424479 0.011475585846287 -0.006853800707405 -0.008464255262476 0.036781249416058 -0.029133678908819 0.011475585846287 0.082044998534657 0.036781249416058 -0.009747408424479 -0.008464255262476 -0.015243832167610 0.002854839819725 
-0.000694800974310 -0.007424001994335 -0.029133678908819 -0.007424001994335 -0.000694800974310 -0.002986594309590 0.007678240925731 0.007678240925731 -0.002986594309590 0.036781249416058 0.328739284582416 0.036781249416058 0.013836895519887 0.013836895519887 0.006734296192610 
-0.006853800707405 0.011475585846287 -0.009747408424479 -0.015243832167610 0.002854839819725 0.011475585846287 -0.029133678908819 0.036781249416058 -0.008464255262476 -0.009747408424479 0.036781249416058 0.082044998534657 -0.015243832167610 -0.008464255262476 0.002854839819725 
0.000217402352307 0.008189533341585 0.011475585846287 0.003968012160146 -0.003205164385363 0.001425768560505 -0.002986594309590 -0.007424001994335 0.008189533341585 -0.008464255262476 0.013836895519887 -0.015243832167610 0.062801140883935 0.028416056476082 -0.006465191547500 
-0.003205164385363 0.003968012160146 0.011475585846287 0.008189533341585 0.000217402352307 0.008189533341585 -0.007424001994335 -0.002986594309590 0.001425768560505 -0.015243832167610 0.013836895519887 -0.008464255262476 0.028416056476082 0.062801140883935 -0.006465191547500 
-0.000452909263349 -0.003205164385363 -0.006853800707405 -0.003205164385363 -0.000452909263349 0.000217402352307 -0.000694800974310 -0.000694800974310 0.000217402352307 0.002854839819725 0.006734296192610 0.002854839819725 -0.006465191547500 -0.006465191547500 0.010724285141018 
******************************************
Nodal Face nodes
3 5
0 1 2 3 4 
4 8 11 13 14 
0 5 9 12 14 
******************************************
Nodal Lift Matrix
15 15
10.000000000000000 6.756502488724246 -2.666666666666663 1.410164177942435 -0.499999999999999 0.750000000000003 4.083333333333341 5.333333333333345 4.083333333333338 0.750000000000000 10.000000000000000 6.756502488724259 -2.666666666666669 1.410164177942428 -0.500000000000000 
1.240990253030984 11.666666666666673 2.666666666666674 -0.833333333333327 0.259009746969018 -0.277815782689410 -1.890264240320813 -1.974788681208871 1.251122805306091 0.748888756055857 0.119652517383287 -3.167789471972759 1.267305688011592 -0.526402426345857 0.164376550066592 
-0.374999999999999 2.041666666666672 11.666666666666673 2.041666666666667 -0.374999999999999 0.015625000000001 2.348220460997916 0.166666666666666 -1.327387127664581 0.671875000000000 0.015625000000001 2.348220460997916 0.166666666666666 -1.327387127664580 0.671875000000000 
0.259009746969018 -0.833333333333326 2.666666666666663 11.666666666666648 1.240990253030981 0.119652517383288 -3.167789471972756 1.267305688011586 -0.526402426345855 0.164376550066591 -0.277815782689411 -1.890264240320811 -1.974788681208867 1.251122805306087 0.748888756055856 
-0.499999999999998 1.410164177942434 -2.666666666666663 6.756502488724239 9.999999999999995 10.000000000000000 6.756502488724259 -2.666666666666668 1.410164177942427 -0.500000000000000 0.750000000000002 4.083333333333345 5.333333333333343 4.083333333333330 0.750000000000000 
0.119652517383288 -3.167789471972757 1.267305688011590 -0.526402426345859 0.164376550066592 0.748888756055858 1.251122805306089 -1.974788681208874 -1.890264240320811 -0.277815782689411 1.240990253030986 11.666666666666677 2.666666666666671 -0.833333333333331 0.259009746969017 
-0.139460375758513 -1.112494223207196 -1.420296491821500 0.202494419842011 0.003074537195243 -0.085627286948301 0.259579971911873 1.252165018623973 0.259579971911872 -0.085627286948301 -0.139460375758513 -1.112494223207197 -1.420296491821502 0.202494419842012 0.003074537195244 
0.003074537195244 0.202494419842011 -1.420296491821501 -1.112494223207192 -0.139460375758513 -0.139460375758513 -1.112494223207197 -1.420296491821502 0.202494419842012 0.003074537195244 -0.085627286948301 0.259579971911873 1.252165018623973 0.259579971911871 -0.085627286948301 
0.164376550066592 -0.526402426345860 1.267305688011590 -3.167789471972753 0.119652517383289 1.240990253030986 11.666666666666677 2.666666666666671 -0.833333333333332 0.259009746969017 0.748888756055858 1.251122805306089 -1.974788681208872 -1.890264240320808 -0.277815782689412 
0.015625000000000 2.348220460997917 0.166666666666666 -1.327387127664579 0.671875000000001 0.671875000000000 -1.327387127664583 0.166666666666666 2.348220460997918 0.015625000000000 -0.375000000000000 2.041666666666671 11.666666666666679 2.041666666666665 -0.375000000000000 
-0.085627286948301 0.259579971911872 1.252165018623972 0.259579971911871 -0.085627286948301 0.003074537195244 0.202494419842012 -1.420296491821501 -1.112494223207195 -0.139460375758513 0.003074537195244 0.202494419842012 -1.420296491821500 -1.112494223207193 -0.139460375758513 
0.671875000000000 -1.327387127664582 0.166666666666665 2.348220460997912 0.015624999999999 -0.375000000000000 2.041666666666670 11.666666666666679 2.041666666666668 -0.375000000000000 0.671875000000000 -1.327387127664582 0.166666666666665 2.348220460997913 0.015625000000000 
-0.277815782689411 -1.890264240320810 -1.974788681208869 1.251122805306085 0.748888756055855 0.164376550066590 -0.526402426345857 1.267305688011589 -3.167789471972755 0.119652517383289 0.259009746969016 -0.833333333333330 2.666666666666662 11.666666666666654 1.240990253030984 
0.748888756055857 1.251122805306090 -1.974788681208869 -1.890264240320806 -0.277815782689411 0.259009746969017 -0.833333333333332 2.666666666666668 11.666666666666673 1.240990253030983 0.164376550066592 -0.526402426345859 1.267305688011594 -3.167789471972753 0.119652517383289 
0.750000000000001 4.083333333333342 5.333333333333340 4.083333333333329 0.749999999999999 -0.499999999999999 1.410164177942423 -2.666666666666666 6.756502488724248 9.999999999999993 -0.499999999999999 1.410164177942425 -2.666666666666667 6.756502488724249 9.999999999999996 
******************************************
Plotting r-coordinates
45 1
-1.000000000000000 
-0.750000000000000 
-0.500000000000000 
-0.250000000000000 
0.000000000000000 
0.250000000000000 
0.500000000000000 
0.750000000000000 
1.000000000000000 
-1.000000000000000 
-0.750000000000000 
-0.500000000000000 
-0.250000000000000 
0.000000000000000 
0.250000000000000 
0.500000000000000 
0.750000000000000 
-1.000000000000000 
-0.750000000000000 
-0.500000000000000 
-0.250000000000000 
0.000000000000000 
0.250000000000000 
0.500000000000000 
-1.000000000000000 
-0.750000000000000 
-0.500000000000000 
-0.250000000000000 
0.000000000000000 
0.250000000000000 
-1.000000000000000 
-0.750000000000000 
-0.500000000000000 
-0.250000000000000 
0.000000000000000 
-1.000000000000000 
-0.750000000000000 
-0.500000000000000 
-0.250000000000000 
-1.000000000000000 
-0.750000000000000 
-0.500000000000000 
-1.000000000000000 
-0.750000000000000 
-1.000000000000000 
******************************************
Plotting s-coordinates
45 1
-1.000000000000000 
-1.000000000000000 
-1.000000000000000 
-1.000000000000000 
-1.000000000000000 
-1.000000000000000 
-1.000000000000000 
-1.000000000000000 
-1.000000000000000 
-0.750000000000000 
-0.750000000000000 
-0.750000000000000 
-0.750000000000000 
-0.750000000000000 
-0.750000000000000 
-0.750000000000000 
-0.750000000000000 
-0.500000000000000 
-0.500000000000000 
-0.500000000000000 
-0.500000000000000 
-0.500000000000000 
-0.500000000000000 
-0.500000000000000 
-0.250000000000000 
-0.250000000000000 
-0.250000000000000 
-0.250000000000000 
-0.250000000000000 
-0.250000000000000 
0.000000000000000 
0.000000000000000 
0.000000000000000 
0.000000000000000 
0.000000000000000 
0.250000000000000 
0.250000000000000 
0.250000000000000 
0.250000000000000 
0.500000000000000 
0.500000000000000 
0.500000000000000 
0.750000000000000 
0.750000000000000 
1.000000000000000 
******************************************
Plotting Interpolation Matrix
45 15
1.000000000000000 0.000000000000000 0.000000000000000 -0.000000000000000 -0.000000000000000 -0.000000000000000 -0.000000000000000 0.000000000000000 0.000000000000000 0.000000000000000 0.000000000000000 0.000000000000000 0.000000000000000 -0.000000000000000 -0.000000000000000 
0.153808593750000 0.941008220806321 -0.136718750000000 0.063874591693680 -0.021972656250000 0.000000000000000 -0.000000000000000 -0.000000000000000 0.000000000000000 -0.000000000000000 0.000000000000000 0.000000000000000 0.000000000000000 0.000000000000000 0.000000000000000 
-0.117187500000000 0.884031716635795 0.312500000000000 -0.118406716635795 0.039062500000000 0.000000000000000 -0.000000000000000 0.000000000000000 0.000000000000000 -0.000000000000000 -0.000000000000000 0.000000000000000 0.000000000000000 -0.000000000000000 0.000000000000000 
-0.100097656250000 0.432890916647372 0.800781250000000 -0.193633104147372 0.060058593750000 0.000000000000000 -0.000000000000000 0.000000000000000 0.000000000000000 -0.000000000000000 -0.000000000000000 -0.000000000000000 0.000000000000000 0.000000000000000 -0.000000000000000 
0.000000000000000 0.000000000000000 1.000000000000000 0.000000000000000 0.000000000000000 -0.000000000000000 0.000000000000000 0.000000000000000 -0.000000000000000 0.000000000000000 -0.000000000000000 0.000000000000000 -0.000000000000000 -0.000000000000000 -0.000000000000000 
0.060058593750000 -0.193633104147372 0.800781250000000 0.432890916647372 -0.100097656250000 0.000000000000000 -0.000000000000000 -0.000000000000001 -0.000000000000000 0.000000000000000 0.000000000000000 0.000000000000000 0.000000000000000 -0.000000000000000 0.000000000000000 
0.039062500000000 -0.118406716635795 0.312500000000000 0.884031716635795 -0.117187500000000 -0.000000000000000 -0.000000000000000 -0.000000000000001 -0.000000000000000 0.000000000000000 0.000000000000000 0.000000000000000 -0.000000000000000 -0.000000000000000 0.000000000000000 
-0.021972656250000 0.063874591693679 -0.136718749999999 0.941008220806321 0.153808593750000 0.000000000000000 0.000000000000000 -0.000000000000001 -0.000000000000000 -0.000000000000000 0.000000000000000 0.000000000000000 -0.000000000000000 -0.000000000000000 0.000000000000000 
0.000000000000000 0.000000000000000 -0.000000000000000 0.000000000000000 1.000000000000000 -0.000000000000000 -0.000000000000000 0.000000000000000 0.000000000000000 0.000000000000000 0.000000000000000 0.000000000000000 -0.000000000000000 0.000000000000000 0.000000000000000 
0.153808593750000 -0.000000000000000 -0.000000000000000 -0.000000000000000 0.000000000000000 0.941008220806321 0.000000000000000 -0.000000000000000 0.000000000000000 -0.136718750000000 0.000000000000000 0.000000000000000 0.063874591693680 0.000000000000000 -0.021972656250000 
-0.082044663382940 0.378074520142398 -0.145342672173765 0.100848546671380 -0.042121133523577 0.378074520142398 0.678788954130010 -0.128076298668649 0.027726698733762 -0.145342672173765 -0.128076298668649 0.021036386889834 0.100848546671380 0.027726698733762 -0.042121133523577 
-0.059956699851779 0.218705125746991 0.122345546377058 -0.058520847724028 0.023912142507584 0.065242440336203 0.862359839283797 0.055494586485138 -0.016245889413484 -0.121673933935076 -0.213460497781082 0.005642625128523 0.113290489571342 0.058418524974775 -0.055553451705962 
0.026052622121610 -0.039850488492019 0.365564655652469 -0.150740877880426 0.063994690315355 -0.061848200160010 0.712085706021093 0.389339604901629 -0.067557582893990 -0.079457097096651 -0.256152597337299 -0.032436723471212 0.106699848310563 0.086576050806042 -0.062269610797154 
0.063994690315355 -0.150740877880426 0.365564655652469 -0.039850488492019 0.026052622121610 -0.067557582893990 0.389339604901629 0.712085706021093 -0.061848200160010 -0.032436723471212 -0.256152597337299 -0.079457097096651 0.086576050806042 0.106699848310563 -0.062269610797154 
0.023912142507584 -0.058520847724028 0.122345546377058 0.218705125746991 -0.059956699851779 -0.016245889413484 0.055494586485138 0.862359839283797 0.065242440336203 0.005642625128523 -0.213460497781082 -0.121673933935076 0.058418524974775 0.113290489571342 -0.055553451705962 
-0.042121133523577 0.100848546671380 -0.145342672173765 0.378074520142398 -0.082044663382940 0.027726698733762 -0.128076298668649 0.678788954130010 0.378074520142398 0.021036386889834 -0.128076298668650 -0.145342672173765 0.027726698733762 0.100848546671380 -0.042121133523577 
-0.000000000000000 0.000000000000000 -0.000000000000000 0.000000000000000 0.153808593750000 0.000000000000000 -0.000000000000000 -0.000000000000000 0.941008220806321 0.000000000000000 -0.000000000000000 -0.136718750000000 0.000000000000000 0.063874591693679 -0.021972656250000 
-0.117187500000000 -0.000000000000000 0.000000000000000 -0.000000000000000 0.000000000000000 0.884031716635795 -0.000000000000000 -0.000000000000000 0.000000000000000 0.312500000000000 -0.000000000000000 0.000000000000000 -0.118406716635795 0.000000000000000 0.039062500000000 
-0.059956699851779 0.065242440336203 -0.121673933935076 0.113290489571342 -0.055553451705962 0.218705125746991 0.862359839283797 -0.213460497781082 0.058418524974775 0.122345546377058 0.055494586485138 0.005642625128523 -0.058520847724028 -0.016245889413484 0.023912142507584 
0.034736829495480 -0.067799125768019 0.024071705703879 -0.029360686379908 0.014821928012134 -0.067799125768019 0.949447608028123 0.088791338376220 -0.019222063058632 0.024071705703879 0.088791338376220 -0.006790631294949 -0.029360686379908 -0.019222063058632 0.014821928012134 
0.065962738598033 -0.126429738083209 0.109111918916863 -0.126429738083209 0.065962738598033 -0.104201401004729 0.584009407352443 0.584009407352443 -0.104201401004729 -0.009810645644977 0.099890255673248 -0.009810645644977 -0.019927376769442 -0.019927376769442 0.011791856513651 
0.014821928012134 -0.029360686379909 0.024071705703879 -0.067799125768019 0.034736829495480 -0.019222063058632 0.088791338376220 0.949447608028123 -0.067799125768019 -0.006790631294949 0.088791338376220 0.024071705703878 -0.019222063058632 -0.029360686379908 0.014821928012134 
-0.055553451705962 0.113290489571342 -0.121673933935076 0.065242440336203 -0.059956699851779 0.058418524974775 -0.213460497781082 0.862359839283797 0.218705125746991 0.005642625128523 0.055494586485138 0.122345546377058 -0.016245889413484 -0.058520847724028 0.023912142507584 
0.000000000000000 0.000000000000000 -0.000000000000000 0.000000000000000 -0.117187500000000 0.000000000000000 -0.000000000000000 -0.000000000000000 0.884031716635795 0.000000000000000 -0.000000000000000 0.312500000000000 -0.000000000000000 -0.118406716635795 0.039062500000000 
-0.100097656250000 -0.000000000000000 0.000000000000000 0.000000000000000 -0.000000000000000 0.432890916647372 -0.000000000000000 0.000000000000000 -0.000000000000000 0.800781250000000 0.000000000000000 0.000000000000000 -0.193633104147372 0.000000000000000 0.060058593750000 
0.026052622121610 -0.061848200160010 -0.079457097096651 0.106699848310563 -0.062269610797154 -0.039850488492019 0.712085706021092 -0.256152597337299 0.086576050806042 0.365564655652469 0.389339604901629 -0.032436723471212 -0.150740877880426 -0.067557582893990 0.063994690315355 
0.065962738598033 -0.104201401004729 -0.009810645644977 -0.019927376769442 0.011791856513651 -0.126429738083209 0.584009407352443 0.099890255673248 -0.019927376769442 0.109111918916863 0.584009407352443 -0.009810645644977 -0.126429738083209 -0.104201401004729 0.065962738598033 
0.011791856513651 -0.019927376769442 -0.009810645644977 -0.104201401004729 0.065962738598033 -0.019927376769442 0.099890255673248 0.584009407352443 -0.126429738083209 -0.009810645644977 0.584009407352443 0.109111918916863 -0.104201401004729 -0.126429738083209 0.065962738598033 
-0.062269610797154 0.106699848310563 -0.079457097096651 -0.061848200160010 0.026052622121610 0.086576050806042 -0.256152597337299 0.712085706021092 -0.039850488492019 -0.032436723471212 0.389339604901629 0.365564655652469 -0.067557582893990 -0.150740877880426 0.063994690315355 
-0.000000000000000 0.000000000000000 -0.000000000000000 -0.000000000000000 -0.100097656250000 0.000000000000000 -0.000000000000000 -0.000000000000000 0.432890916647372 -0.000000000000000 -0.000000000000000 0.800781250000000 -0.000000000000000 -0.193633104147372 0.060058593750000 
-0.000000000000000 0.000000000000000 0.000000000000000 -0.000000000000000 -0.000000000000000 0.000000000000000 0.000000000000000 0.000000000000000 0.000000000000000 1.000000000000000 -0.000000000000000 0.000000000000000 -0.000000000000000 0.000000000000000 -0.000000000000000 
0.063994690315355 -0.067557582893990 -0.032436723471212 0.086576050806042 -0.062269610797154 -0.150740877880426 0.389339604901629 -0.256152597337299 0.106699848310563 0.365564655652469 0.712085706021093 -0.079457097096652 -0.039850488492019 -0.061848200160010 0.026052622121610 
0.014821928012134 -0.019222063058632 -0.006790631294949 -0.019222063058632 0.014821928012134 -0.029360686379908 0.088791338376220 0.088791338376220 -0.029360686379908 0.024071705703878 0.949447608028124 0.024071705703878 -0.067799125768019 -0.067799125768019 0.034736829495480 
-0.062269610797154 0.086576050806042 -0.032436723471212 -0.067557582893990 0.063994690315355 0.106699848310563 -0.256152597337299 0.389339604901629 -0.150740877880426 -0.079457097096652 0.712085706021093 0.365564655652469 -0.061848200160010 -0.039850488492019 0.026052622121610 
0.000000000000000 0.000000000000000 -0.000000000000000 -0.000000000000000 -0.000000000000000 0.000000000000000 -0.000000000000000 0.000000000000000 -0.000000000000000 -0.000000000000000 0.000000000000000 1.000000000000000 0.000000000000000 0.000000000000000 -0.000000000000000 
0.060058593750000 -0.000000000000000 0.000000000000000 -0.000000000000000 0.000000000000000 -0.193633104147372 0.000000000000000 0.000000000000000 -0.000000000000000 0.800781250000000 -0.000000000000000 0.000000000000000 0.432890916647372 -0.000000000000000 -0.100097656250000 
0.023912142507584 -0.016245889413484 0.005642625128523 0.058418524974775 -0.055553451705962 -0.058520847724028 0.055494586485138 -0.213460497781082 0.113290489571342 0.122345546377058 0.862359839283797 -0.121673933935076 0.218705125746991 0.065242440336203 -0.059956699851779 
-0.055553451705962 0.058418524974775 0.005642625128523 -0.016245889413483 0.023912142507584 0.113290489571342 -0.213460497781082 0.055494586485138 -0.058520847724027 -0.121673933935076 0.862359839283797 0.122345546377058 0.065242440336204 0.218705125746991 -0.059956699851779 
0.000000000000000 0.000000000000000 -0.000000000000000 0.000000000000000 0.060058593750000 0.000000000000000 0.000000000000000 0.000000000000000 -0.193633104147372 -0.000000000000000 0.000000000000000 0.800781250000000 -0.000000000000000 0.432890916647372 -0.100097656250000 
0.039062500000000 0.000000000000000 0.000000000000000 0.000000000000000 0.000000000000000 -0.118406716635795 0.000000000000000 0.000000000000000 -0.000000000000000 0.312500000000000 -0.000000000000000 0.000000000000000 0.884031716635795 -0.000000000000000 -0.117187500000000 
-0.042121133523577 0.027726698733762 0.021036386889834 0.027726698733762 -0.042121133523577 0.100848546671380 -0.128076298668649 -0.128076298668649 0.100848546671380 -0.145342672173765 0.678788954130010 -0.145342672173765 0.378074520142398 0.378074520142398 -0.082044663382940 
0.000000000000000 0.000000000000000 -0.000000000000000 0.000000000000000 0.039062500000000 0.000000000000000 0.000000000000000 0.000000000000000 -0.118406716635795 -0.000000000000000 0.000000000000001 0.312500000000000 -0.000000000000000 0.884031716635795 -0.117187500000000 
-0.021972656250000 0.000000000000000 -0.000000000000000 -0.000000000000000 0.000000000000000 0.063874591693679 0.000000000000000 0.000000000000001 -0.000000000000000 -0.136718750000000 -0.000000000000001 0.000000000000000 0.941008220806321 -0.000000000000000 0.153808593750000 
0.000000000000000 0.000000000000000 0.000000000000000 0.000000000000000 -0.021972656250000 0.000000000000000 -0.000000000000000 -0.000000000000001 0.063874591693679 0.000000000000000 -0.000000000000000 -0.136718750000000 0.000000000000000 0.941008220806321 0.153808593750000 
-0.000000000000000 -0.000000000000000 -0.000000000000000 0.000000000000000 0.000000000000000 0.000000000000000 -0.000000000000000 -0.000000000000000 -0.000000000000000 -0.000000000000000 -0.000000000000000 -0.000000000000000 0.000000000000000 0.000000000000000 1.000000000000000 
******************************************
Plotting triangulation
64 3
7 16 8 
38 41 37 
31 25 26 
31 25 30 
1 2 10 
1 9 0 
1 9 10 
24 25 30 
5 13 4 
19 25 26 
15 7 16 
33 38 34 
33 38 37 
42 43 44 
35 31 30 
17 9 10 
20 27 21 
20 13 21 
20 27 26 
20 19 26 
6 15 7 
23 29 22 
23 15 16 
23 15 22 
28 27 21 
28 29 22 
28 22 21 
28 29 34 
28 33 34 
28 33 27 
32 27 26 
32 31 26 
32 33 27 
32 33 37 
40 43 41 
40 41 37 
40 42 39 
40 42 43 
18 24 25 
18 19 25 
18 17 24 
18 17 10 
12 3 4 
12 13 4 
12 20 13 
12 20 19 
14 13 21 
14 22 21 
14 5 13 
14 15 22 
14 6 5 
14 6 15 
36 32 31 
36 35 31 
36 35 39 
36 32 37 
36 40 37 
36 40 39 
11 3 2 
11 18 19 
11 2 10 
11 18 10 
11 12 19 
11 12 3 
******************************************
Cubature r-coordinates
36 1
-0.115127288420454 
-0.769745423159092 
-0.115127288420454 
-0.241326933740970 
-0.517346132518060 
-0.241326933740970 
-0.773435586772427 
0.546871173544855 
-0.773435586772427 
-0.550360151853422 
0.100720303706844 
-0.550360151853422 
-0.949850839686919 
0.899701679373837 
-0.949850839686919 
-0.023247583079632 
-0.953504833840737 
-0.023247583079632 
0.701114686742190 
-0.956341185792092 
-0.744773500950097 
-0.956341185792092 
-0.744773500950097 
0.701114686742189 
0.280974603820889 
-0.820754518409649 
-0.460220085411240 
-0.820754518409649 
-0.460220085411240 
0.280974603820889 
0.380092839755442 
-0.412599349012509 
-0.967493490742933 
-0.412599349012509 
-0.967493490742933 
0.380092839755442 
******************************************
Cubature s-coordinates
36 1
-0.115127288420454 
-0.115127288420454 
-0.769745423159092 
-0.241326933740970 
-0.241326933740970 
-0.517346132518060 
-0.773435586772427 
-0.773435586772427 
0.546871173544855 
-0.550360151853422 
-0.550360151853422 
0.100720303706844 
-0.949850839686919 
-0.949850839686919 
0.899701679373837 
-0.023247583079632 
-0.023247583079632 
-0.953504833840737 
-0.956341185792092 
0.701114686742190 
-0.956341185792092 
-0.744773500950097 
0.701114686742189 
-0.744773500950097 
-0.820754518409649 
0.280974603820889 
-0.820754518409649 
-0.460220085411240 
0.280974603820889 
-0.460220085411240 
-0.412599349012509 
0.380092839755442 
-0.412599349012509 
-0.967493490742933 
0.380092839755442 
-0.967493490742933 
******************************************
Cubature weights
36 1
0.088694050812375 
0.088694050812375 
0.088694050812375 
0.083486638970495 
0.083486638970495 
0.083486638970495 
0.061949370456958 
0.061949370456958 
0.061949370456958 
0.096926744607805 
0.096926744607805 
0.096926744607805 
0.016284715813394 
0.016284715813394 
0.016284715813394 
0.047730162209543 
0.047730162209543 
0.047730162209543 
0.030740478172077 
0.030740478172077 
0.030740478172077 
0.030740478172077 
0.030740478172077 
0.030740478172077 
0.073364295183933 
0.073364295183933 
0.073364295183933 
0.073364295183933 
0.073364295183933 
0.073364295183933 
0.031692718542038 
0.031692718542038 
0.031692718542038 
0.031692718542038 
0.031692718542038 
0.031692718542038 
******************************************
Cubature Interpolation Matrix
36 15
-0.065850602283795 0.101989919322974 -0.056651311448566 -0.071523337154686 0.052278430251063 0.101989919322974 -0.270812395053792 0.541789128101974 -0.117289647563716 -0.056651311448567 0.541789128101975 0.435476634319502 -0.071523337154686 -0.117289647563716 0.052278430251063 
0.052278430251063 -0.071523337154686 -0.056651311448566 0.101989919322974 -0.065850602283795 -0.117289647563717 0.541789128101974 -0.270812395053793 0.101989919322973 0.435476634319502 0.541789128101975 -0.056651311448566 -0.117289647563717 -0.071523337154686 0.052278430251063 
0.052278430251063 -0.117289647563717 0.435476634319502 -0.117289647563717 0.052278430251063 -0.071523337154686 0.541789128101975 0.541789128101975 -0.071523337154686 -0.056651311448566 -0.270812395053793 -0.056651311448566 0.101989919322974 0.101989919322974 -0.065850602283795 
0.005949274962438 -0.010351909411453 -0.013875704893971 -0.103820481582236 0.066296842985877 -0.010351909411453 0.065488539831290 0.593452330094122 -0.128473996675520 -0.013875704893971 0.593452330094122 0.122108024172633 -0.103820481582236 -0.128473996675520 0.066296842985877 
0.066296842985877 -0.103820481582236 -0.013875704893971 -0.010351909411453 0.005949274962438 -0.128473996675520 0.593452330094122 0.065488539831290 -0.010351909411453 0.122108024172633 0.593452330094122 -0.013875704893971 -0.128473996675520 -0.103820481582235 0.066296842985877 
0.066296842985877 -0.128473996675520 0.122108024172633 -0.128473996675520 0.066296842985877 -0.103820481582236 0.593452330094122 0.593452330094122 -0.103820481582235 -0.013875704893971 0.065488539831290 -0.013875704893971 -0.010351909411453 -0.010351909411453 0.005949274962438 
-0.064337185063874 0.412948751344246 -0.159312316423120 0.106964509667554 -0.043952429964494 0.412948751344247 0.600536495727750 -0.121288818296562 0.026257305681383 -0.159312316423120 -0.121288818296562 0.020566685318110 0.106964509667554 0.026257305681383 -0.043952429964494 
-0.043952429964494 0.106964509667554 -0.159312316423121 0.412948751344246 -0.064337185063874 0.026257305681383 -0.121288818296562 0.600536495727747 0.412948751344248 0.020566685318110 -0.121288818296562 -0.159312316423120 0.026257305681383 0.106964509667554 -0.043952429964493 
-0.043952429964494 0.026257305681383 0.020566685318110 0.026257305681383 -0.043952429964493 0.106964509667554 -0.121288818296562 -0.121288818296561 0.106964509667554 -0.159312316423121 0.600536495727748 -0.159312316423120 0.412948751344246 0.412948751344248 -0.064337185063874 
0.000906448134892 -0.001890738833608 0.000689506945866 -0.000715722110756 0.000346904754975 -0.001890738833608 0.999484819367584 0.001874472341889 -0.000405796626297 0.000689506945866 0.001874472341889 -0.000188520446613 -0.000715722110756 -0.000405796626297 0.000346904754975 
0.000346904754975 -0.000715722110756 0.000689506945866 -0.001890738833608 0.000906448134892 -0.000405796626297 0.001874472341889 0.999484819367584 -0.001890738833608 -0.000188520446613 0.001874472341889 0.000689506945866 -0.000405796626297 -0.000715722110756 0.000346904754975 
0.000346904754975 -0.000405796626297 -0.000188520446613 -0.000405796626297 0.000346904754975 -0.000715722110756 0.001874472341889 0.001874472341889 -0.000715722110756 0.000689506945866 0.999484819367584 0.000689506945866 -0.001890738833608 -0.001890738833608 0.000906448134892 
0.572322750231909 0.267181013704565 -0.105054891409808 0.058008173471148 -0.021218799485449 0.267181013704565 0.047740308853675 -0.013101081450796 0.002836197971433 -0.105054891409808 -0.013101081450796 0.002635715312230 0.058008173471148 0.002836197971433 -0.021218799485449 
-0.021218799485449 0.058008173471148 -0.105054891409810 0.267181013704570 0.572322750231905 0.002836197971433 -0.013101081450796 0.047740308853676 0.267181013704565 0.002635715312230 -0.013101081450797 -0.105054891409808 0.002836197971433 0.058008173471148 -0.021218799485449 
-0.021218799485449 0.002836197971433 0.002635715312230 0.002836197971433 -0.021218799485449 0.058008173471149 -0.013101081450796 -0.013101081450796 0.058008173471148 -0.105054891409810 0.047740308853675 -0.105054891409808 0.267181013704570 0.267181013704565 0.572322750231905 
-0.032435879895832 0.049145664719179 -0.024280724175564 -0.017384771739389 0.014181377491920 0.049145664719179 -0.122754541300733 0.161364002903522 -0.034933013691745 -0.024280724175565 0.161364002903522 0.859005350180717 -0.017384771739389 -0.034933013691745 0.014181377491920 
