% degree N
6
% number of nodes
28
% node coordinates
-1.000000000000000E+00 -1.000000000000000E+00
-8.302238962785673E-01 -1.000000000000000E+00
-4.688487934707143E-01 -1.000000000000000E+00
0.000000000000000E+00 -1.000000000000000E+00
4.688487934707143E-01 -1.000000000000000E+00
8.302238962785669E-01 -1.000000000000000E+00
1.000000000000000E+00 -1.000000000000000E+00
-1.000000000000000E+00 -8.302238962785667E-01
-7.695164961934418E-01 -7.695164961934415E-01
-3.647692565366892E-01 -7.440953960343212E-01
1.088646525710104E-01 -7.440953960343213E-01
5.390329923868830E-01 -7.695164961934414E-01
8.302238962785673E-01 -8.302238962785673E-01
-1.000000000000000E+00 -4.688487934707143E-01
-7.440953960343215E-01 -3.647692565366893E-01
-3.333333333333334E-01 -3.333333333333334E-01
1.088646525710105E-01 -3.647692565366892E-01
4.688487934707138E-01 -4.688487934707141E-01
-1.000000000000000E+00 0.000000000000000E+00
-7.440953960343213E-01 1.088646525710104E-01
-3.647692565366892E-01 1.088646525710105E-01
0.000000000000000E+00 0.000000000000000E+00
-1.000000000000000E+00 4.688487934707141E-01
-7.695164961934413E-01 5.390329923868827E-01
-4.688487934707144E-01 4.688487934707143E-01
-9.999999999999999E-01 8.302238962785673E-01
-8.302238962785667E-01 8.302238962785670E-01
-1.000000000000000E+00 1.000000000000000E+00
% r collocation differentation matrix
-1.050000000000001E+01 1.420157660291982E+01 -5.668985225545487E+00 3.199999999999982E+00 -2.049964813076730E+00 1.317373435702428E+00 -4.999999999999982E-01 1.961907500320153E-15 -2.634811203762194E-15 1.799820308301982E-15 -4.193003795029698E-15 2.133375371406008E-15 7.292459890470249E-16 1.234370573342473E-15 -5.496830066050379E-16 -2.718361099181775E-16 1.306759477065519E-15 -9.136995001270192E-16 2.553217087994807E-16 -1.454391099404162E-15 5.478868147768844E-16 1.079120476961270E-16 4.540540313989230E-16 5.372942843621578E-17 -8.683035128964689E-18 -2.044625375460621E-16 -5.792670203172529E-17 9.320032383245624E-17 
-2.442926014244298E+00 1.252920989014637E-14 3.455828214294279E+00 -1.598606688098365E+00 9.613397972887122E-01 -6.022471796357860E-01 2.266118703954454E-01 -7.167003063051802E-16 6.579994004914648E-16 -1.267600535549614E-16 8.861468496103240E-16 -3.372236891274154E-16 -4.371290873538143E-16 2.248021377090743E-16 -8.104717340975705E-16 6.670743483869608E-16 -6.736761916092180E-16 3.855058015526986E-16 -2.271955898771470E-16 2.566028615102200E-16 7.607717960412908E-16 -4.015991139295646E-16 -1.638874880527397E-16 7.293964992580633E-17 -3.209976352603503E-16 6.273974155102824E-17 1.186582836496651E-16 -6.492288042262309E-17 
6.252566655153453E-01 -2.215804283169974E+00 2.948666729305399E-16 2.266698087085998E+00 -1.066441904006376E+00 6.163908355175806E-01 -2.260994009425750E-01 -1.100217885646150E-16 1.103458501399115E-15 -1.614755794971568E-15 8.145346070954862E-16 -5.882406457157051E-16 3.827172030639606E-16 9.899870323397279E-17 7.756919034424774E-17 -6.353806832081291E-16 6.552192751558570E-16 -1.854083564118843E-16 3.124338156726717E-16 6.700929786897517E-17 -7.057818014823665E-16 2.656975526493573E-16 -8.436830786814648E-17 1.200423570776202E-16 1.607967583396842E-16 -2.774926075542515E-17 -7.689268419413336E-17 3.420797070498267E-17 
-3.125000000000012E-01 9.075444712688220E-01 -2.006969240588752E+00 -3.935476006582508E-16 2.006969240588754E+00 -9.075444712688224E-01 3.125000000000001E-01 5.135078906063454E-16 -7.148650996561259E-16 2.521252610501053E-16 -2.373175429315049E-16 -1.079890541566675E-16 2.557703542252236E-16 -1.827734915856835E-16 3.239151731949060E-16 -3.807821438305837E-16 2.797398780166037E-16 1.663226506023487E-16 5.206681007969002E-17 -4.759823469537850E-16 5.882585986810124E-16 -2.638547319611314E-16 1.544480603853620E-16 -3.202545498919936E-17 -9.381449052453099E-17 -9.371469923540459E-17 7.498841780605112E-17 8.090505224826259E-18 
2.260994009425756E-01 -6.163908355175796E-01 1.066441904006373E+00 -2.266698087085996E+00 -4.353831221749921E-15 2.215804283169974E+00 -6.252566655153424E-01 -5.728115155713243E-16 3.349755963071676E-16 3.931963868191720E-16 1.307412699744889E-15 -1.024103536001659E-15 -3.264028113561669E-16 -2.165832133659526E-16 -1.766315030312542E-17 4.828758942278057E-16 -7.779798785703301E-16 1.638194859390629E-16 3.400020563154601E-17 2.540651603347920E-16 1.037751027334764E-16 -1.452254911333286E-16 -2.208517655567955E-16 1.227106811304577E-16 -1.023487751645895E-16 -4.276480242270432E-17 1.260954417454496E-16 -3.218936188700425E-17 
-2.266118703954464E-01 6.022471796357863E-01 -9.613397972887113E-01 1.598606688098365E+00 -3.455828214294287E+00 6.948998185924633E-15 2.442926014244285E+00 -5.317593280832488E-16 4.665299526177730E-16 4.172551757559137E-16 -9.108427704790625E-16 6.495433564893522E-16 -6.570310402146178E-17 5.641365352043860E-16 -9.184266736128877E-16 3.537311434276792E-18 5.708980427252722E-16 -4.861717731963615E-16 4.035992870117123E-16 -1.582526948953467E-17 -9.779310917274753E-16 6.059962023287473E-16 1.233759240678516E-16 -3.099779335064994E-16 3.677588561479546E-16 1.151592997625162E-16 -1.241662439506606E-16 5.997677570601028E-18 
4.999999999999999E-01 -1.317373435702434E+00 2.049964813076735E+00 -3.199999999999993E+00 5.668985225545511E+00 -1.420157660291982E+01 1.050000000000000E+01 2.498782558922052E-16 -2.153513158934624E-15 1.500515621024974E-15 9.383245011468954E-18 -1.162024728746233E-15 1.370461196766898E-15 -3.307561792135014E-16 -1.182447356997879E-15 6.224373499075060E-16 4.036103469445519E-16 1.054763698075852E-15 -1.062962894768851E-15 -9.022758726217880E-17 1.700983288889815E-15 -5.897028094094716E-16 5.071337735271553E-16 -2.793247966406317E-16 -5.880321554023085E-16 3.157353898896728E-16 -1.413367852250853E-16 -5.299898563417924E-17 
-1.655262361973601E+00 4.384712827957402E+00 -3.690760330301410E+00 3.117477922832151E+00 -2.589139777647822E+00 1.985656364247197E+00 -8.439773500154522E-01 -7.125074416831680E+00 1.033663482987605E+01 -4.496281557246644E+00 2.344788531765865E+00 -1.167291801379799E+00 3.442497157087434E-01 -8.262240580904098E-01 -9.459224280501474E-01 4.951104840739128E-01 -2.755995418767785E-01 1.307651838517966E-01 5.719017095285374E-01 2.682264060356798E-01 -9.869462071486777E-02 1.942963420565738E-02 -4.010453740426714E-01 -1.001590615422838E-01 2.857613168759862E-02 2.752184182584926E-01 2.041089894500811E-02 -1.077263792605201E-01 
5.517000562263968E-01 -9.201040534747418E-01 1.176961681655651E+00 -1.098244520847073E+00 9.850637427480632E-01 -8.000787078144382E-01 3.547796641416825E-01 -1.554401666328817E+00 -5.151499637263651E-01 3.209748551194646E+00 -1.432336019241391E+00 6.956394087831183E-01 -2.074823808480147E-01 -3.692128423999685E-01 -1.922050612666481E-01 -1.206297624012177E-01 9.935195321043006E-02 -6.178154481498804E-02 1.896527659734797E-01 1.352424016079698E-01 8.965120381046011E-04 9.133602269946834E-04 -1.456346499093807E-01 -6.856554389690774E-02 4.395998819365061E-04 1.094119850117918E-01 2.371327225942726E-02 -4.768823798974132E-02 
-3.209579837677061E-01 6.517741597973219E-01 -7.185764488489387E-01 7.710995593958202E-01 -7.232594971905477E-01 6.144893723368150E-01 -2.839982992665915E-01 4.198521513797141E-01 -1.800934241108813E+00 -1.004212072760130E-01 2.108995815462386E+00 -8.271414419112157E-01 2.349085738334103E-01 9.368937913564762E-02 -1.564382006974682E-01 8.832124526321917E-03 -7.222323268610492E-02 5.972805372760401E-02 -8.063985275378403E-03 6.510697498621390E-02 2.630175257413597E-02 -1.023528932041967E-02 -9.989363497565911E-03 -4.724571213519762E-02 1.414795222066616E-03 2.018650040444107E-02 1.455836312895458E-02 -1.145267292889314E-02 
2.839982992665914E-01 -6.144893723368159E-01 7.232594971905478E-01 -7.710995593958213E-01 7.185764488489401E-01 -6.517741597973217E-01 3.209579837677066E-01 -2.349085738334107E-01 8.271414419112166E-01 -2.108995815462389E+00 1.004212072760158E-01 1.800934241108812E+00 -4.198521513797136E-01 -5.972805372760362E-02 7.222323268610520E-02 -8.832124526319787E-03 1.564382006974657E-01 -9.368937913564893E-02 1.023528932041915E-02 -2.630175257413681E-02 -6.510697498621369E-02 8.063985275379193E-03 -1.414795222065889E-03 4.724571213519829E-02 9.989363497565282E-03 -1.455836312895503E-02 -2.018650040444090E-02 1.145267292889301E-02 
-3.547796641416832E-01 8.000787078144389E-01 -9.850637427480630E-01 1.098244520847075E+00 -1.176961681655653E+00 9.201040534747412E-01 -5.517000562263977E-01 2.074823808480147E-01 -6.956394087831198E-01 1.432336019241393E+00 -3.209748551194648E+00 5.151499637263670E-01 1.554401666328816E+00 6.178154481498851E-02 -9.935195321042907E-02 1.206297624012140E-01 1.922050612666487E-01 3.692128423999718E-01 -9.133602269961509E-04 -8.965120381027391E-04 -1.352424016079701E-01 -1.896527659734807E-01 -4.395998819367363E-04 6.856554389690682E-02 1.456346499093819E-01 -2.371327225942672E-02 -1.094119850117920E-01 4.768823798974121E-02 
8.439773500154489E-01 -1.985656364247199E+00 2.589139777647825E+00 -3.117477922832161E+00 3.690760330301429E+00 -4.384712827957428E+00 1.655262361973608E+00 -3.442497157087413E-01 1.167291801379797E+00 -2.344788531765862E+00 4.496281557246637E+00 -1.033663482987603E+01 7.125074416831668E+00 -1.307651838517980E-01 2.755995418767844E-01 -4.951104840739188E-01 9.459224280501611E-01 8.262240580904172E-01 -1.942963420566022E-02 9.869462071486913E-02 -2.682264060356873E-01 -5.719017095285409E-01 -2.857613168759709E-02 1.001590615422851E-01 4.010453740426783E-01 -2.041089894501052E-02 -2.752184182584967E-01 1.077263792605222E-01 
8.879307931334901E-01 -1.027593665809473E+00 -4.828334851803266E-01 1.685936367970126E+00 -2.452781655413910E+00 2.610816436610340E+00 -1.345023169351650E+00 -2.239206757119446E+00 6.769317312562300E+00 -6.396936411823842E+00 5.188391659139156E+00 -3.456170951798924E+00 1.242432810805074E+00 -6.506027930532851E+00 8.624435201174299E+00 -3.257663464174974E+00 1.143304170242401E+00 -7.077242720410803E-02 -6.021964153822171E-01 -1.042191731137137E+00 5.537569672403886E-01 -2.517828114618664E-01 4.818005955586845E-01 2.414733892043800E-01 -3.922367444908206E-02 -3.238166427460519E-01 -7.325463390613739E-02 1.378801238513599E-01 
-4.126642867882261E-01 4.977110615947801E-01 -1.791233795562383E-01 -3.038599626285090E-01 6.967322107608585E-01 -8.866398882547019E-01 5.032126083107511E-01 8.314554907379842E-01 -1.638012969082958E+00 2.272433646674199E+00 -2.076178220791593E+00 1.520177827961114E+00 -5.887202673933688E-01 -1.249386781447323E+00 -5.856917240018445E-01 2.840099123499075E+00 -9.736740982471901E-01 1.502988750901058E-01 -4.515473135540348E-01 -8.630623039430591E-02 -2.121587694560610E-01 1.391245285700371E-01 2.067986037993624E-01 1.156755598906565E-01 -1.538938367572048E-02 -1.517572906920542E-01 -2.257939151133489E-02 5.997042058654076E-02 
3.664137459237408E-01 -5.662495266051537E-01 3.386526654366475E-01 6.691759804622465E-16 -3.386526654366491E-01 5.662495266051537E-01 -3.664137459237408E-01 -5.487742413505642E-01 1.303114435099506E+00 -1.645192518637621E+00 1.645192518637620E+00 -1.303114435099503E+00 5.487742413505625E-01 3.170898270777217E-01 -1.835627635179341E+00 3.736332445176725E-15 1.835627635179337E+00 -3.170898270777198E-01 1.489387502073249E-01 -1.904351165417201E-01 1.904351165417186E-01 -1.489387502073245E-01 -2.156283835892695E-02 1.982089320838283E-16 2.156283835892797E-02 1.747528525459012E-02 -1.747528525459087E-02 1.665334536937735E-16 
-5.032126083107507E-01 8.866398882547023E-01 -6.967322107608566E-01 3.038599626285073E-01 1.791233795562396E-01 -4.977110615947809E-01 4.126642867882283E-01 5.887202673933710E-01 -1.520177827961117E+00 2.076178220791595E+00 -2.272433646674201E+00 1.638012969082959E+00 -8.314554907379840E-01 -1.502988750901094E-01 9.736740982471938E-01 -2.840099123499079E+00 5.856917240018492E-01 1.249386781447319E+00 -1.391245285700363E-01 2.121587694560614E-01 8.630623039430659E-02 4.515473135540344E-01 1.538938367571885E-02 -1.156755598906566E-01 -2.067986037993633E-01 2.257939151133592E-02 1.517572906920544E-01 -5.997042058654078E-02 
1.345023169351653E+00 -2.610816436610341E+00 2.452781655413905E+00 -1.685936367970126E+00 4.828334851803212E-01 1.027593665809476E+00 -8.879307931334925E-01 -1.242432810805074E+00 3.456170951798924E+00 -5.188391659139161E+00 6.396936411823848E+00 -6.769317312562301E+00 2.239206757119447E+00 7.077242720411381E-02 -1.143304170242400E+00 3.257663464174977E+00 -8.624435201174295E+00 6.506027930532853E+00 2.517828114618643E-01 -5.537569672403877E-01 1.042191731137135E+00 6.021964153822119E-01 3.922367444908312E-02 -2.414733892043761E-01 -4.818005955586833E-01 7.325463390613464E-02 3.238166427460494E-01 -1.378801238513588E-01 
-4.479014360637961E-01 8.302583013530915E-02 4.965325549547166E-01 -1.406193332921488E-02 -1.162890865095711E+00 2.281949355188876E+00 -1.571924772245807E+00 1.303958192350690E+00 -1.115917887192774E+00 -2.036073753681066E+00 4.398843139842456E+00 -4.745245254807416E+00 2.281949355188875E+00 -2.375448407172258E+00 7.645246843682703E+00 -6.876792247865395E+00 4.398843139842468E+00 -1.162890865095705E+00 -6.332485761641187E+00 7.645246843682703E+00 -2.036073753681072E+00 -1.406193332921952E-02 -3.684791665835019E-01 -1.115917887192768E+00 4.965325549547233E-01 3.964137210818632E-01 8.302583013530336E-02 -1.354014360637952E-01 
3.439687198531334E-01 -2.574879653447472E-01 -7.511743740332150E-02 1.493598178904549E-01 1.488840798680422E-01 -6.032786305223240E-01 5.146652812396434E-01 -7.662466630288712E-01 9.428170018018746E-01 -1.399355367699580E-01 -9.999758508213261E-01 1.567423540096313E+00 -9.068263886591417E-01 9.300581009899113E-01 -2.195302045856695E+00 2.831266998972757E+00 -2.141285195777808E+00 7.067215742584214E-01 -1.222646872949855E+00 -4.852705167258362E-01 2.428871847371668E+00 -2.957959773531287E-01 -5.308103325983821E-01 1.629212720258537E-01 -2.728127586918886E-01 1.796813309406633E-01 7.785891021506788E-02 -9.170630302052118E-02 
-5.146652812396451E-01 6.032786305223269E-01 -1.488840798680422E-01 -1.493598178904558E-01 7.511743740332216E-02 2.574879653447449E-01 -3.439687198531317E-01 9.068263886591453E-01 -1.567423540096318E+00 9.999758508213316E-01 1.399355367699526E-01 -9.428170018018700E-01 7.662466630288680E-01 -7.067215742584244E-01 2.141285195777810E+00 -2.831266998972757E+00 2.195302045856693E+00 -9.300581009899099E-01 2.957959773531292E-01 -2.428871847371669E+00 4.852705167258378E-01 1.222646872949856E+00 2.728127586918873E-01 -1.629212720258553E-01 5.308103325983828E-01 -7.785891021506827E-02 -1.796813309406624E-01 9.170630302052174E-02 
1.571924772245814E+00 -2.281949355188884E+00 1.162890865095710E+00 1.406193332921668E-02 -4.965325549547180E-01 -8.302583013530450E-02 4.479014360637943E-01 -2.281949355188885E+00 4.745245254807431E+00 -4.398843139842475E+00 2.036073753681080E+00 1.115917887192760E+00 -1.303958192350682E+00 1.162890865095713E+00 -4.398843139842470E+00 6.876792247865401E+00 -7.645246843682703E+00 2.375448407172254E+00 1.406193332922033E-02 2.036073753681071E+00 -7.645246843682699E+00 6.332485761641186E+00 -4.965325549547185E-01 1.115917887192761E+00 3.684791665835015E-01 -8.302583013530367E-02 -3.964137210818626E-01 1.354014360637939E-01 
3.639795247939317E-01 -7.325463390613483E-02 -3.922367444908621E-02 -2.517828114618615E-01 -7.077242720411336E-02 1.242432810805073E+00 -1.345023169351651E+00 -9.402074782636297E-01 2.414733892043754E-01 5.537569672403921E-01 1.143304170242398E+00 -3.456170951798927E+00 2.610816436610338E+00 1.548242499565061E+00 -1.042191731137132E+00 -3.257663464174986E+00 5.188391659139167E+00 -2.452781655413906E+00 -2.868894502468214E+00 8.624435201174297E+00 -6.396936411823852E+00 1.685936367970129E+00 -6.506027930532852E+00 6.769317312562307E+00 -4.828334851803267E-01 -2.340247394947379E-02 -1.027593665809473E+00 2.626741276181466E-01 
-4.024679021314241E-01 2.311956531074426E-01 6.222114469692602E-02 -1.354772451086159E-15 -6.222114469692500E-02 -2.311956531074419E-01 4.024679021314246E-01 9.094906928262312E-01 -7.642049526800280E-01 -9.845544117232680E-02 9.845544117232866E-02 7.642049526800252E-01 -9.094906928262285E-01 -1.130698392657446E+00 1.567578420849360E+00 5.638596503304188E-16 -1.567578420849360E+00 1.130698392657441E+00 1.287897286820556E+00 -3.401953612461298E+00 3.401953612461296E+00 -1.287897286820552E+00 -1.546174524055623E+00 1.083873032778132E-18 1.546174524055621E+00 -6.342976128540693E-01 6.342976128540698E-01 0.000000000000000E+00 
1.345023169351652E+00 -1.242432810805076E+00 7.077242720411203E-02 2.517828114618650E-01 3.922367444908673E-02 7.325463390613696E-02 -3.639795247939368E-01 -2.610816436610345E+00 3.456170951798932E+00 -1.143304170242404E+00 -5.537569672403864E-01 -2.414733892043786E-01 9.402074782636305E-01 2.452781655413913E+00 -5.188391659139162E+00 3.257663464174977E+00 1.042191731137138E+00 -1.548242499565059E+00 -1.685936367970134E+00 6.396936411823849E+00 -8.624435201174290E+00 2.868894502468207E+00 4.828334851803304E-01 -6.769317312562307E+00 6.506027930532855E+00 1.027593665809470E+00 2.340247394947113E-02 -2.626741276181476E-01 
-3.343382496559699E-01 2.041089894501270E-02 2.857613168759497E-02 1.942963420565722E-02 1.307651838517974E-01 3.442497157087417E-01 -8.439773500154524E-01 8.774655978942867E-01 -1.001590615422875E-01 -9.869462071486847E-02 -2.755995418767814E-01 -1.167291801379803E+00 1.985656364247198E+00 -1.362385171331391E+00 2.682264060356958E-01 4.951104840739138E-01 2.344788531765867E+00 -2.589139777647826E+00 2.170508397626909E+00 -9.459224280501731E-01 -4.496281557246640E+00 3.117477922832165E+00 -4.282052272384695E+00 1.033663482987605E+01 -3.690760330301438E+00 -7.125074416831679E+00 4.384712827957430E+00 7.876636522706884E-01 
8.439773500154570E-01 -3.442497157087471E-01 -1.307651838517992E-01 -1.942963420565560E-02 -2.857613168759504E-02 -2.041089894500804E-02 3.343382496559655E-01 -1.985656364247209E+00 1.167291801379814E+00 2.755995418767774E-01 9.869462071486668E-02 1.001590615422823E-01 -8.774655978942765E-01 2.589139777647837E+00 -2.344788531765884E+00 -4.951104840739095E-01 -2.682264060356842E-01 1.362385171331382E+00 -3.117477922832171E+00 4.496281557246666E+00 9.459224280501424E-01 -2.170508397626902E+00 3.690760330301425E+00 -1.033663482987605E+01 4.282052272384706E+00 -4.384712827957410E+00 7.125074416831662E+00 -7.876636522706832E-01 
4.999999999999922E-01 3.178757820985464E-15 -2.209098130082817E-15 2.275591114044166E-16 -2.042063013528947E-17 2.194198902864465E-15 -5.000000000000042E-01 -1.317373435702420E+00 -5.696608192754814E-15 -4.132559500458262E-15 -4.485334865537329E-16 -3.810142556637695E-15 1.317373435702438E+00 2.049964813076724E+00 1.409661575895349E-14 2.530556562854401E-15 -3.102183450445595E-16 -2.049964813076745E+00 -3.199999999999975E+00 -2.244330580671211E-14 -7.444110187023632E-15 3.200000000000004E+00 5.668985225545467E+00 5.858357624424354E-14 -5.668985225545522E+00 -1.420157660291981E+01 1.420157660291980E+01 1.620925615952729E-14 
% s collocation differentation matrix
-1.049999999999999E+01 -9.267414908135740E-17 3.441850916116801E-15 -4.509816940151682E-15 -4.503673619035254E-16 2.801533225771303E-16 6.403679212550331E-15 1.420157660291982E+01 -5.007422521187829E-15 -1.974387720622786E-15 1.691308060191187E-15 -1.028039657417115E-15 -7.814465196790904E-15 -5.668985225545517E+00 -7.717573583092190E-17 -2.153772063874164E-15 5.812465677031479E-15 5.901273499820975E-15 3.200000000000006E+00 2.863908314742267E-15 -2.920686657772033E-15 -6.262088898294269E-15 -2.049964813076746E+00 -5.165505536322129E-16 3.080404355772648E-15 1.317373435702436E+00 -2.290969582657603E-15 -5.000000000000007E-01 
-1.655262361973604E+00 -7.125074416831674E+00 -8.262240580904076E-01 5.719017095285357E-01 -4.010453740426739E-01 2.752184182584956E-01 -1.077263792605213E-01 4.384712827957421E+00 1.033663482987604E+01 -9.459224280501586E-01 2.682264060356890E-01 -1.001590615422856E-01 2.041089894500740E-02 -3.690760330301431E+00 -4.496281557246645E+00 4.951104840739178E-01 -9.869462071486471E-02 2.857613168759977E-02 3.117477922832166E+00 2.344788531765865E+00 -2.755995418767843E-01 1.942963420565275E-02 -2.589139777647829E+00 -1.167291801379797E+00 1.307651838518019E-01 1.985656364247201E+00 3.442497157087367E-01 -8.439773500154524E-01 
8.879307931334965E-01 -2.239206757119452E+00 -6.506027930532852E+00 -6.021964153822110E-01 4.818005955586875E-01 -3.238166427460517E-01 1.378801238513610E-01 -1.027593665809480E+00 6.769317312562317E+00 8.624435201174297E+00 -1.042191731137145E+00 2.414733892043817E-01 -7.325463390613750E-02 -4.828334851803232E-01 -6.396936411823853E+00 -3.257663464174984E+00 5.537569672403909E-01 -3.922367444908315E-02 1.685936367970130E+00 5.188391659139162E+00 1.143304170242401E+00 -2.517828114618683E-01 -2.452781655413907E+00 -3.456170951798925E+00 -7.077242720410633E-02 2.610816436610341E+00 1.242432810805066E+00 -1.345023169351651E+00 
-4.479014360637961E-01 1.303958192350687E+00 -2.375448407172252E+00 -6.332485761641192E+00 -3.684791665835006E-01 3.964137210818639E-01 -1.354014360637943E-01 8.302583013530973E-02 -1.115917887192768E+00 7.645246843682700E+00 7.645246843682702E+00 -1.115917887192762E+00 8.302583013530553E-02 4.965325549547181E-01 -2.036073753681070E+00 -6.876792247865403E+00 -2.036073753681078E+00 4.965325549547185E-01 -1.406193332921212E-02 4.398843139842465E+00 4.398843139842468E+00 -1.406193332921560E-02 -1.162890865095709E+00 -4.745245254807415E+00 -1.162890865095710E+00 2.281949355188879E+00 2.281949355188869E+00 -1.571924772245808E+00 
3.639795247939337E-01 -9.402074782636300E-01 1.548242499565060E+00 -2.868894502468212E+00 -6.506027930532850E+00 -2.340247394947495E-02 2.626741276181497E-01 -7.325463390613719E-02 2.414733892043769E-01 -1.042191731137143E+00 8.624435201174304E+00 6.769317312562311E+00 -1.027593665809477E+00 -3.922367444908482E-02 5.537569672403894E-01 -3.257663464174974E+00 -6.396936411823862E+00 -4.828334851803289E-01 -2.517828114618625E-01 1.143304170242396E+00 5.188391659139167E+00 1.685936367970134E+00 -7.077242720410945E-02 -3.456170951798920E+00 -2.452781655413915E+00 1.242432810805075E+00 2.610816436610334E+00 -1.345023169351651E+00 
-3.343382496559663E-01 8.774655978942805E-01 -1.362385171331385E+00 2.170508397626901E+00 -4.282052272384692E+00 -7.125074416831668E+00 7.876636522706812E-01 2.041089894500681E-02 -1.001590615422833E-01 2.682264060356763E-01 -9.459224280501430E-01 1.033663482987604E+01 4.384712827957408E+00 2.857613168760201E-02 -9.869462071486385E-02 4.951104840739178E-01 -4.496281557246657E+00 -3.690760330301424E+00 1.942963420565152E-02 -2.755995418767887E-01 2.344788531765871E+00 3.117477922832170E+00 1.307651838518029E-01 -1.167291801379792E+00 -2.589139777647835E+00 3.442497157087411E-01 1.985656364247197E+00 -8.439773500154514E-01 
5.000000000000049E-01 -1.317373435702430E+00 2.049964813076736E+00 -3.199999999999997E+00 5.668985225545515E+00 -1.420157660291982E+01 -1.443289932012704E-14 -2.121484294320780E-15 -9.990778561123727E-15 -8.687602891163074E-16 3.756310631604558E-15 -1.922096847670119E-15 1.420157660291981E+01 6.818117989119633E-15 7.560028470661301E-15 -1.024435684137044E-15 -4.819506339550114E-15 -5.668985225545488E+00 -6.193245893571865E-15 -5.726539532164946E-15 3.544365620410820E-15 3.199999999999994E+00 1.488487209646710E-15 8.833942397612503E-15 -2.049964813076740E+00 1.041154172854499E-15 1.317373435702426E+00 -4.999999999999979E-01 
-2.442926014244283E+00 -1.022811660554346E-15 3.456364179554564E-16 1.413858702894214E-15 7.191752252857800E-16 8.057017777804949E-16 -1.577406784519263E-16 -9.494990958966474E-15 1.356366755564278E-15 -2.339756734987895E-15 -2.653510084270326E-15 -1.222582432240023E-15 -1.421986251945856E-17 3.455828214294287E+00 -1.562064782217131E-16 1.833257328083125E-15 1.736009238908272E-15 5.771859864112275E-16 -1.598606688098366E+00 8.527998892046939E-16 -1.659993398331503E-15 -7.574173579083670E-16 9.613397972887108E-01 8.993361774652099E-16 6.342980232617452E-17 -6.022471796357859E-01 -3.192600473619715E-16 2.266118703954461E-01 
5.517000562263966E-01 -1.554401666328813E+00 -3.692128423999697E-01 1.896527659734812E-01 -1.456346499093813E-01 1.094119850117921E-01 -4.768823798974137E-02 -9.201040534747411E-01 -5.151499637263732E-01 -1.922050612666485E-01 1.352424016079683E-01 -6.856554389690783E-02 2.371327225942741E-02 1.176961681655653E+00 3.209748551194648E+00 -1.206297624012157E-01 8.965120381038074E-04 4.395998819375052E-04 -1.098244520847075E+00 -1.432336019241389E+00 9.935195321042968E-02 9.133602269949683E-04 9.850637427480620E-01 6.956394087831179E-01 -6.178154481498887E-02 -8.000787078144378E-01 -2.074823808480133E-01 3.547796641416828E-01 
-4.126642867882271E-01 8.314554907379845E-01 -1.249386781447320E+00 -4.515473135540353E-01 2.067986037993633E-01 -1.517572906920544E-01 5.997042058654120E-02 4.977110615947810E-01 -1.638012969082960E+00 -5.856917240018507E-01 -8.630623039430672E-02 1.156755598906540E-01 -2.257939151133565E-02 -1.791233795562400E-01 2.272433646674201E+00 2.840099123499079E+00 -2.121587694560580E-01 -1.538938367571896E-02 -3.038599626285072E-01 -2.076178220791594E+00 -9.736740982471938E-01 1.391245285700366E-01 6.967322107608559E-01 1.520177827961116E+00 1.502988750901068E-01 -8.866398882547019E-01 -5.887202673933675E-01 5.032126083107513E-01 
3.439687198531316E-01 -7.662466630288701E-01 9.300581009899099E-01 -1.222646872949855E+00 -5.308103325983814E-01 1.796813309406632E-01 -9.170630302052191E-02 -2.574879653447459E-01 9.428170018018734E-01 -2.195302045856697E+00 -4.852705167258354E-01 1.629212720258527E-01 7.785891021506790E-02 -7.511743740332127E-02 -1.399355367699560E-01 2.831266998972762E+00 2.428871847371669E+00 -2.728127586918879E-01 1.493598178904530E-01 -9.999758508213296E-01 -2.141285195777810E+00 -2.957959773531295E-01 1.488840798680426E-01 1.567423540096314E+00 7.067215742584242E-01 -6.032786305223261E-01 -9.068263886591407E-01 5.146652812396441E-01 
-4.024679021314233E-01 9.094906928262303E-01 -1.130698392657444E+00 1.287897286820554E+00 -1.546174524055618E+00 -6.342976128540718E-01 -6.661338147750939E-16 2.311956531074407E-01 -7.642049526800264E-01 1.567578420849361E+00 -3.401953612461297E+00 -5.773159728050814E-15 6.342976128540735E-01 6.222114469692495E-02 -9.845544117232620E-02 -3.898834111917212E-15 3.401953612461298E+00 1.546174524055625E+00 4.049454206076062E-16 9.845544117233085E-02 -1.567578420849361E+00 -1.287897286820556E+00 -6.222114469692527E-02 7.642049526800208E-01 1.130698392657445E+00 -2.311956531074407E-01 -9.094906928262273E-01 4.024679021314231E-01 
8.439773500154537E-01 -1.985656364247199E+00 2.589139777647825E+00 -3.117477922832161E+00 3.690760330301429E+00 -4.384712827957428E+00 -7.876636522706941E-01 -3.442497157087440E-01 1.167291801379796E+00 -2.344788531765865E+00 4.496281557246640E+00 -1.033663482987603E+01 7.125074416831688E+00 -1.307651838517984E-01 2.755995418767861E-01 -4.951104840739176E-01 9.459224280501601E-01 4.282052272384696E+00 -1.942963420565844E-02 9.869462071486987E-02 -2.682264060356874E-01 -2.170508397626908E+00 -2.857613168759610E-02 1.001590615422801E-01 1.362385171331391E+00 -2.041089894501144E-02 -8.774655978942814E-01 3.343382496559680E-01 
6.252566655153413E-01 4.078683183358935E-16 -3.458892364522235E-16 4.138998890264504E-16 -1.609345151895302E-17 3.062733618663743E-17 -2.258451811492662E-16 -2.215804283169973E+00 5.665306684275465E-16 6.261357665166340E-16 1.701732587394299E-16 -2.766986092123615E-16 2.385797107595850E-16 3.393801621499583E-15 -9.653705530938895E-17 -7.757593219303707E-16 -1.089787702120240E-15 5.111889735849388E-17 2.266698087085997E+00 -3.947297110597107E-16 1.508462456517906E-15 4.640356659487575E-16 -1.066441904006373E+00 -8.521169564894870E-16 1.186935379768863E-16 6.163908355175794E-01 -3.064959642925219E-16 -2.260994009425752E-01 
-3.209579837677060E-01 4.198521513797140E-01 9.368937913564811E-02 -8.063985275378563E-03 -9.989363497565700E-03 2.018650040444096E-02 -1.145267292889275E-02 6.517741597973221E-01 -1.800934241108816E+00 -1.564382006974668E-01 6.510697498621389E-02 -4.724571213519835E-02 1.455836312895455E-02 -7.185764488489398E-01 -1.004212072760088E-01 8.832124526320036E-03 2.630175257413697E-02 1.414795222065978E-03 7.710995593958218E-01 2.108995815462386E+00 -7.222323268610516E-02 -1.023528932041897E-02 -7.232594971905472E-01 -8.271414419112165E-01 5.972805372760409E-02 6.144893723368150E-01 2.349085738334090E-01 -2.839982992665914E-01 
3.664137459237413E-01 -5.487742413505636E-01 3.170898270777207E-01 1.489387502073247E-01 -2.156283835892754E-02 1.747528525459077E-02 -1.249000902703301E-16 -5.662495266051545E-01 1.303114435099505E+00 -1.835627635179341E+00 -1.904351165417181E-01 0.000000000000000E+00 -1.747528525459011E-02 3.386526654366487E-01 -1.645192518637621E+00 3.188717002337372E-15 1.904351165417179E-01 2.156283835892676E-02 1.063502400604046E-15 1.645192518637620E+00 1.835627635179337E+00 -1.489387502073234E-01 -3.386526654366482E-01 -1.303114435099502E+00 -3.170898270777207E-01 5.662495266051535E-01 5.487742413505603E-01 -3.664137459237397E-01 
-5.146652812396447E-01 9.068263886591443E-01 -7.067215742584236E-01 2.957959773531302E-01 2.728127586918868E-01 -7.785891021506759E-02 9.170630302052130E-02 6.032786305223261E-01 -1.567423540096317E+00 2.141285195777813E+00 -2.428871847371670E+00 -1.629212720258539E-01 -1.796813309406629E-01 -1.488840798680443E-01 9.999758508213312E-01 -2.831266998972760E+00 4.852705167258372E-01 5.308103325983821E-01 -1.493598178904547E-01 1.399355367699557E-01 2.195302045856695E+00 1.222646872949855E+00 7.511743740332148E-02 -9.428170018018706E-01 -9.300581009899115E-01 2.574879653447470E-01 7.662466630288678E-01 -3.439687198531324E-01 
1.345023169351651E+00 -2.610816436610339E+00 2.452781655413903E+00 -1.685936367970124E+00 4.828334851803214E-01 1.027593665809476E+00 -2.626741276181490E-01 -1.242432810805072E+00 3.456170951798921E+00 -5.188391659139163E+00 6.396936411823845E+00 -6.769317312562299E+00 2.340247394947921E-02 7.077242720411335E-02 -1.143304170242400E+00 3.257663464174978E+00 -8.624435201174299E+00 6.506027930532849E+00 2.517828114618665E-01 -5.537569672403887E-01 1.042191731137138E+00 2.868894502468212E+00 3.922367444908181E-02 -2.414733892043750E-01 -1.548242499565061E+00 7.325463390613697E-02 9.402074782636292E-01 -3.639795247939341E-01 
-3.125000000000003E-01 -1.715494955658146E-16 2.494246691782323E-16 -1.934153006826653E-16 -2.036086213830048E-16 6.757118063654734E-17 3.465102978230813E-17 9.075444712688218E-01 -5.694700347916210E-17 -2.126589039676186E-16 -2.809406374858014E-16 2.335303350600221E-16 -3.101490347107662E-16 -2.006969240588754E+00 -8.328468160417603E-16 1.110298381048973E-15 3.683849081926461E-16 -1.543245720205562E-16 8.659192153869064E-16 -3.398112114934368E-16 -1.815518720695157E-16 -3.461992020724764E-16 2.006969240588752E+00 4.671352754101554E-16 -2.811814120289965E-16 -9.075444712688214E-01 7.535062347521184E-16 3.125000000000009E-01 
2.839982992665920E-01 -2.349085738334112E-01 -5.972805372760340E-02 1.023528932042034E-02 -1.414795222066682E-03 -1.455836312895387E-02 1.145267292889222E-02 -6.144893723368161E-01 8.271414419112183E-01 7.222323268610346E-02 -2.630175257413611E-02 4.724571213519724E-02 -2.018650040444023E-02 7.232594971905489E-01 -2.108995815462388E+00 -8.832124526321421E-03 -6.510697498621311E-02 9.989363497564928E-03 -7.710995593958209E-01 1.004212072760116E-01 1.564382006974657E-01 8.063985275379089E-03 7.185764488489391E-01 1.800934241108813E+00 -9.368937913564827E-02 -6.517741597973212E-01 -4.198521513797117E-01 3.209579837677062E-01 
-5.032126083107513E-01 5.887202673933715E-01 -1.502988750901078E-01 -1.391245285700368E-01 1.538938367571869E-02 2.257939151133522E-02 -5.997042058654040E-02 8.866398882547034E-01 -1.520177827961119E+00 9.736740982471946E-01 2.121587694560592E-01 -1.156755598906551E-01 1.517572906920538E-01 -6.967322107608581E-01 2.076178220791595E+00 -2.840099123499078E+00 8.630623039430621E-02 -2.067986037993632E-01 3.038599626285076E-01 -2.272433646674201E+00 5.856917240018483E-01 4.515473135540347E-01 1.791233795562391E-01 1.638012969082956E+00 1.249386781447322E+00 -4.977110615947809E-01 -8.314554907379816E-01 4.126642867882268E-01 
1.571924772245816E+00 -2.281949355188884E+00 1.162890865095710E+00 1.406193332921778E-02 -4.965325549547186E-01 -8.302583013530361E-02 1.354014360637925E-01 -2.281949355188885E+00 4.745245254807432E+00 -4.398843139842477E+00 2.036073753681082E+00 1.115917887192758E+00 -3.964137210818612E-01 1.162890865095715E+00 -4.398843139842471E+00 6.876792247865402E+00 -7.645246843682702E+00 3.684791665835019E-01 1.406193332921255E-02 2.036073753681075E+00 -7.645246843682702E+00 6.332485761641186E+00 -4.965325549547162E-01 1.115917887192758E+00 2.375448407172258E+00 -8.302583013530716E-02 -1.303958192350682E+00 4.479014360637965E-01 
2.260994009425754E-01 -2.082082151655633E-17 -7.386584114584133E-17 6.532442059202831E-17 7.375148168490770E-17 -1.292931717734967E-16 2.555184228828074E-16 -6.163908355175806E-01 -3.233923130313900E-16 -2.283475362136768E-16 -1.336384137633905E-16 9.140097671448492E-16 -7.582734536564968E-16 1.066441904006376E+00 4.970724119898255E-16 -1.841950191978964E-16 -1.536003105692962E-15 1.177575858244244E-15 -2.266698087086002E+00 -4.441890380831270E-16 1.104411115092419E-15 -1.066007040484020E-15 5.694436630222673E-15 -8.116760128785768E-16 1.404399805502730E-15 2.215804283169971E+00 -1.763976027603080E-15 -6.252566655153438E-01 
-3.547796641416833E-01 2.074823808480162E-01 6.178154481498805E-02 -9.133602269958103E-04 -4.395998819364425E-04 -2.371327225942714E-02 4.768823798974160E-02 8.000787078144395E-01 -6.956394087831220E-01 -9.935195321042897E-02 -8.965120381035837E-04 6.856554389690617E-02 -1.094119850117919E-01 -9.850637427480643E-01 1.432336019241393E+00 1.206297624012155E-01 -1.352424016079682E-01 1.456346499093810E-01 1.098244520847075E+00 -3.209748551194652E+00 1.922050612666457E-01 -1.896527659734796E-01 -1.176961681655651E+00 5.151499637263804E-01 3.692128423999700E-01 9.201040534747419E-01 1.554401666328807E+00 -5.517000562263962E-01 
1.345023169351650E+00 -1.242432810805076E+00 7.077242720411123E-02 2.517828114618666E-01 3.922367444908662E-02 7.325463390613696E-02 -1.378801238513621E-01 -2.610816436610341E+00 3.456170951798932E+00 -1.143304170242406E+00 -5.537569672403873E-01 -2.414733892043777E-01 3.238166427460527E-01 2.452781655413910E+00 -5.188391659139159E+00 3.257663464174978E+00 1.042191731137138E+00 -4.818005955586870E-01 -1.685936367970132E+00 6.396936411823843E+00 -8.624435201174293E+00 6.021964153822147E-01 4.828334851803278E-01 -6.769317312562295E+00 6.506027930532849E+00 1.027593665809474E+00 2.239206757119437E+00 -8.879307931334879E-01 
-2.266118703954469E-01 4.082633768579442E-16 -3.587819518371039E-17 -3.365918347965500E-16 2.874805400877426E-17 -3.009671683890581E-16 7.083530330142706E-16 6.022471796357867E-01 -1.057018578379297E-15 1.325543368575558E-15 1.533752177920173E-15 -5.641247822149440E-16 -4.394133115869085E-16 -9.613397972887128E-01 9.055101307223668E-16 -1.889550288956285E-15 -5.329481062335441E-17 2.573506635288909E-16 1.598606688098367E+00 -1.475512854120319E-15 7.319029846856834E-16 -8.902050030803991E-17 -3.455828214294277E+00 -9.525987978499791E-16 -7.122719017867713E-16 -1.827636047986523E-14 3.106683908252256E-15 2.442926014244300E+00 
8.439773500154562E-01 -3.442497157087456E-01 -1.307651838518002E-01 -1.942963420565701E-02 -2.857613168759558E-02 -2.041089894500821E-02 1.077263792605208E-01 -1.985656364247210E+00 1.167291801379811E+00 2.755995418767815E-01 9.869462071486845E-02 1.001590615422825E-01 -2.752184182584929E-01 2.589139777647837E+00 -2.344788531765879E+00 -4.951104840739169E-01 -2.682264060356877E-01 4.010453740426732E-01 -3.117477922832166E+00 4.496281557246662E+00 9.459224280501521E-01 -5.719017095285358E-01 3.690760330301426E+00 -1.033663482987605E+01 8.262240580904080E-01 -4.384712827957420E+00 7.125074416831673E+00 1.655262361973609E+00 
4.999999999999964E-01 -9.580836995589036E-16 -4.475301055789095E-16 1.310013633195118E-15 -1.105061006415524E-15 1.965897377297305E-15 -2.252532622217477E-15 -1.317373435702429E+00 3.948316649421467E-15 -2.333438542622589E-15 1.628148625848624E-15 -2.764565639752359E-15 4.797799489139180E-15 2.049964813076736E+00 -2.290052530756093E-15 1.759971696121894E-15 1.173784590697974E-15 -4.852360992354328E-15 -3.199999999999987E+00 -1.056725899537399E-15 -4.263342573078429E-15 2.931936865038373E-15 5.668985225545480E+00 1.396074146170777E-14 -4.795579387438180E-15 -1.420157660291982E+01 4.655275188084845E-15 1.050000000000002E+01 
% reference mass matrix
4.084489183547780E-03 -3.795156600115431E-03 2.493327913512157E-03 -8.831848091380733E-04 3.873731970383465E-05 2.875658654248260E-04 -1.534692438967932E-04 -3.795156600115415E-03 6.289192341700505E-03 -4.665643628156121E-03 2.285876417629606E-03 -2.768799815391588E-04 -4.649330408767381E-04 2.493327913512161E-03 -4.665643628156134E-03 3.197648349199755E-03 -5.801900956382427E-04 -1.688376315975943E-03 -8.831848091380802E-04 2.285876417629601E-03 -5.801900956382364E-04 -2.398331400744494E-03 3.873731970384092E-05 -2.768799815391662E-04 -1.688376315975939E-03 2.875658654248241E-04 -4.649330408767405E-04 -1.534692438967901E-04 
-3.795156600115431E-03 1.953175895115639E-02 -5.184818824786248E-03 2.400400733240365E-03 -4.022547261677006E-04 -4.471724730699487E-04 2.875658654248267E-04 9.340759286750501E-03 -3.176800018764894E-03 7.148584369264241E-03 -3.819788252432675E-03 3.522751993737141E-04 1.095500640440517E-03 -5.718651389364061E-03 2.624342490614848E-03 -4.067406251242691E-03 3.355867574366206E-04 3.464517214864978E-03 2.720893544356535E-03 -9.123100241133147E-04 8.082087295348532E-04 3.546238087358019E-03 -1.669253955437238E-03 -3.752380016554653E-04 1.509895955005662E-03 1.095500640440516E-03 4.017188924969436E-04 -4.649330408767343E-04 
2.493327913512150E-03 -5.184818824786247E-03 2.836978931600504E-02 -4.405678465530386E-03 1.827930834085050E-03 -4.022547261677047E-04 3.873731970383595E-05 -5.718651389364044E-03 1.531168496865588E-02 6.420340693915169E-03 8.533402182415301E-04 7.675444685559356E-04 -1.669253955437229E-03 -1.038648214586115E-03 -1.192103359723400E-02 -1.841219198937712E-03 1.233245883914081E-03 -3.628685451817733E-03 3.473962340356051E-03 7.853374008297578E-03 2.669865388994792E-04 -2.049491328350651E-03 -3.628685451817738E-03 -4.389602752526980E-03 7.697017002552846E-05 3.464517214864982E-03 1.509895955005654E-03 -1.688376315975942E-03 
-8.831848091380755E-04 2.400400733240361E-03 -4.405678465530379E-03 3.178277913292570E-02 -4.405678465530395E-03 2.400400733240370E-03 -8.831848091380731E-04 2.720893544356521E-03 -4.622745914442989E-03 1.361180641048508E-02 1.361180641048507E-02 -4.622745914442955E-03 2.720893544356507E-03 3.473962340356049E-03 -3.079317521658015E-03 -1.374715802665963E-02 -3.079317521658015E-03 3.473962340356067E-03 -4.998291867247158E-04 7.881999668318134E-03 7.881999668318136E-03 -4.998291867247272E-04 -2.049491328350661E-03 -7.863029925325405E-03 -2.049491328350656E-03 3.546238087358021E-03 3.546238087358013E-03 -2.398331400744494E-03 
3.873731970382944E-05 -4.022547261677060E-04 1.827930834085062E-03 -4.405678465530393E-03 2.836978931600506E-02 -5.184818824786279E-03 2.493327913512172E-03 -1.669253955437228E-03 7.675444685559268E-04 8.533402182415249E-04 6.420340693915172E-03 1.531168496865588E-02 -5.718651389364065E-03 -3.628685451817748E-03 1.233245883914098E-03 -1.841219198937728E-03 -1.192103359723400E-02 -1.038648214586120E-03 -2.049491328350652E-03 2.669865388994688E-04 7.853374008297609E-03 3.473962340356051E-03 7.697017002552001E-05 -4.389602752526979E-03 -3.628685451817749E-03 1.509895955005663E-03 3.464517214864972E-03 -1.688376315975937E-03 
