% degree N
6
% number of nodes
28
% node coordinates
-1.000000000000000E+00 -1.000000000000000E+00
-8.302238962785673E-01 -1.000000000000000E+00
-4.688487934707143E-01 -1.000000000000000E+00
0.000000000000000E+00 -1.000000000000000E+00
4.688487934707142E-01 -1.000000000000000E+00
8.302238962785669E-01 -1.000000000000000E+00
1.000000000000000E+00 -1.000000000000000E+00
-1.000000000000000E+00 -8.302238962785667E-01
-7.695164961934416E-01 -7.695164961934416E-01
-3.647692565366892E-01 -7.440953960343212E-01
1.088646525710104E-01 -7.440953960343213E-01
5.390329923868830E-01 -7.695164961934414E-01
8.302238962785673E-01 -8.302238962785673E-01
-1.000000000000000E+00 -4.688487934707143E-01
-7.440953960343215E-01 -3.647692565366893E-01
-3.333333333333334E-01 -3.333333333333334E-01
1.088646525710105E-01 -3.647692565366892E-01
4.688487934707138E-01 -4.688487934707140E-01
-1.000000000000000E+00 0.000000000000000E+00
-7.440953960343213E-01 1.088646525710104E-01
-3.647692565366892E-01 1.088646525710104E-01
-5.551115123125783E-17 5.551115123125783E-17
-9.999999999999998E-01 4.688487934707138E-01
-7.695164961934413E-01 5.390329923868827E-01
-4.688487934707144E-01 4.688487934707143E-01
-9.999999999999999E-01 8.302238962785673E-01
-8.302238962785669E-01 8.302238962785669E-01
-1.000000000000000E+00 1.000000000000000E+00
% r collocation differentation matrix
-1.050000000000001E+01 1.420157660291982E+01 -5.668985225545489E+00 3.199999999999987E+00 -2.049964813076734E+00 1.317373435702428E+00 -4.999999999999980E-01 4.629375040324579E-17 1.196604975372557E-15 -9.498313715000171E-16 -3.532226356253798E-15 -1.304478767965504E-15 6.007740525137431E-16 -1.318094324744253E-17 1.656679743775152E-15 -4.350312373820321E-15 2.605944436672481E-15 -9.713634920048908E-16 -6.902533431878143E-16 -2.556986234144903E-16 1.073336472789701E-15 2.033521064234551E-15 1.218021029380324E-17 4.674607491124641E-16 -3.451496028159763E-16 -1.315266744116355E-16 1.393340981141134E-16 1.797830294759332E-16 
-2.442926014244299E+00 1.271443745275468E-14 3.455828214294280E+00 -1.598606688098365E+00 9.613397972887119E-01 -6.022471796357850E-01 2.266118703954450E-01 -7.473447661333166E-17 1.287253164023503E-16 5.472719091405581E-18 2.895502291013849E-16 -2.152067075714031E-16 -1.974282619033792E-17 -1.321782329842786E-16 -5.614199442027255E-16 3.734959180732986E-16 -2.451899603556718E-16 2.308696098978245E-16 3.449898807832630E-16 -1.219724271223924E-15 8.570410582365155E-16 -2.012737135416137E-17 -2.011186846406305E-17 5.860855881324719E-16 -2.314945051649532E-16 -1.033851358338598E-16 -1.687631253883478E-17 2.121504325483238E-17 
6.252566655153446E-01 -2.215804283169974E+00 -3.190482856616065E-16 2.266698087086000E+00 -1.066441904006376E+00 6.163908355175798E-01 -2.260994009425746E-01 -2.014349523742577E-16 5.075796877686417E-17 -8.485246934066960E-17 1.063604446887607E-15 -3.163802075546363E-16 -2.773411830476419E-17 -1.480661977966474E-16 1.846363055322042E-16 -1.127257850790534E-16 3.872629113645908E-16 -3.424108630971535E-18 1.091457007909604E-16 1.196421556295359E-16 -1.078013909081985E-16 -1.023383059777286E-16 -1.921320280211044E-16 1.414089127756752E-16 -2.221806283487739E-16 -1.025780850242726E-16 4.538138801432691E-17 -9.693091611322940E-18 
-3.125000000000009E-01 9.075444712688220E-01 -2.006969240588752E+00 -1.263540830060139E-15 2.006969240588754E+00 -9.075444712688213E-01 3.125000000000002E-01 2.410833497331884E-16 -3.211864345297489E-17 -3.341305623608843E-16 -6.310708634015977E-16 6.516951071876104E-16 -1.468793902792100E-16 -1.983055146905413E-16 -1.836035777738060E-16 4.034091052127582E-17 1.721527101837924E-16 -2.119881362661378E-16 -5.070692212431374E-17 -6.432055443957294E-17 -2.426760628286401E-16 -9.516872717108550E-17 1.442739408701784E-16 3.132865480160134E-16 3.619109317966938E-16 -1.921749258460610E-17 1.619470711389125E-17 5.364876779301554E-17 
2.260994009425756E-01 -6.163908355175798E-01 1.066441904006374E+00 -2.266698087085999E+00 0.000000000000000E+00 2.215804283169971E+00 -6.252566655153419E-01 -8.537472658694963E-17 1.687707795080659E-16 3.870705515537964E-16 2.889941552038181E-16 2.460938804691547E-16 -8.223364153720331E-17 -1.706099969528729E-16 -4.754926264069734E-16 3.790176626242696E-17 -5.555574777768049E-16 -2.562983341916479E-16 -2.365632281768032E-17 3.436023165861992E-16 2.238929684786091E-16 7.016428799613162E-17 -2.615344062095180E-16 4.033747716841425E-16 -1.937845442236702E-16 -6.451594198839425E-17 1.036003221335211E-16 -8.433593479410359E-17 
-2.266118703954459E-01 6.022471796357852E-01 -9.613397972887118E-01 1.598606688098372E+00 -3.455828214294286E+00 4.129457363842273E-15 2.442926014244286E+00 -7.482023624282389E-16 1.763300335528840E-15 -1.539863497500291E-15 1.330161133648956E-16 -6.242952633278893E-16 3.594674238287082E-16 3.539854941646527E-16 1.337189483544495E-15 1.239539854862801E-15 1.436217242178602E-15 5.979770701937764E-16 5.139293143398908E-16 -1.603121230545419E-15 4.888169145493278E-16 -6.269298096648687E-16 4.290917054022608E-17 -1.040417418415919E-15 -2.406277726914743E-16 -8.884052471546584E-17 1.880536615650187E-17 -5.928799683893090E-17 
5.000000000000036E-01 -1.317373435702432E+00 2.049964813076735E+00 -3.200000000000001E+00 5.668985225545510E+00 -1.420157660291981E+01 1.050000000000000E+01 -3.490837002542358E-17 4.773716741440378E-15 -1.229957720578192E-15 -5.915436370285877E-16 -2.018665848594846E-15 1.936229878145273E-15 -9.028202958459122E-16 -6.313801211894376E-16 3.294031450590222E-15 -7.122513514052001E-16 3.667663410626548E-15 2.903508483745383E-16 -1.211831085366284E-15 -3.343539054752006E-15 1.797019323641707E-16 1.373571956191565E-15 -1.839049265212007E-15 9.330396498589027E-16 4.291062874143392E-16 -2.271230839645139E-16 2.531914937361442E-16 
-1.655262361973603E+00 4.384712827957403E+00 -3.690760330301416E+00 3.117477922832159E+00 -2.589139777647824E+00 1.985656364247197E+00 -8.439773500154513E-01 -7.125074416831676E+00 1.033663482987605E+01 -4.496281557246656E+00 2.344788531765872E+00 -1.167291801379799E+00 3.442497157087424E-01 -8.262240580904073E-01 -9.459224280501447E-01 4.951104840739114E-01 -2.755995418767791E-01 1.307651838517980E-01 5.719017095285329E-01 2.682264060356810E-01 -9.869462071486614E-02 1.942963420565667E-02 -4.010453740426712E-01 -1.001590615422815E-01 2.857613168759521E-02 2.752184182584926E-01 2.041089894500991E-02 -1.077263792605210E-01 
5.517000562263968E-01 -9.201040534747427E-01 1.176961681655653E+00 -1.098244520847075E+00 9.850637427480639E-01 -8.000787078144379E-01 3.547796641416822E-01 -1.554401666328814E+00 -5.151499637263711E-01 3.209748551194649E+00 -1.432336019241391E+00 6.956394087831193E-01 -2.074823808480150E-01 -3.692128423999671E-01 -1.922050612666493E-01 -1.206297624012180E-01 9.935195321043029E-02 -6.178154481498836E-02 1.896527659734793E-01 1.352424016079713E-01 8.965120381043257E-04 9.133602269952686E-04 -1.456346499093808E-01 -6.856554389690793E-02 4.395998819368470E-04 1.094119850117919E-01 2.371327225942737E-02 -4.768823798974149E-02 
-3.209579837677063E-01 6.517741597973215E-01 -7.185764488489377E-01 7.710995593958196E-01 -7.232594971905478E-01 6.144893723368146E-01 -2.839982992665913E-01 4.198521513797133E-01 -1.800934241108813E+00 -1.004212072760134E-01 2.108995815462387E+00 -8.271414419112162E-01 2.349085738334104E-01 9.368937913564759E-02 -1.564382006974689E-01 8.832124526322351E-03 -7.222323268610464E-02 5.972805372760388E-02 -8.063985275378126E-03 6.510697498621401E-02 2.630175257413604E-02 -1.023528932041978E-02 -9.989363497566198E-03 -4.724571213519851E-02 1.414795222066462E-03 2.018650040444118E-02 1.455836312895434E-02 -1.145267292889294E-02 
2.839982992665920E-01 -6.144893723368157E-01 7.232594971905472E-01 -7.710995593958215E-01 7.185764488489398E-01 -6.517741597973208E-01 3.209579837677061E-01 -2.349085738334100E-01 8.271414419112162E-01 -2.108995815462389E+00 1.004212072760136E-01 1.800934241108813E+00 -4.198521513797138E-01 -5.972805372760344E-02 7.222323268610592E-02 -8.832124526321018E-03 1.564382006974659E-01 -9.368937913564915E-02 1.023528932041904E-02 -2.630175257413709E-02 -6.510697498621364E-02 8.063985275379356E-03 -1.414795222065604E-03 4.724571213519940E-02 9.989363497565500E-03 -1.455836312895504E-02 -2.018650040444077E-02 1.145267292889304E-02 
-3.547796641416834E-01 8.000787078144391E-01 -9.850637427480637E-01 1.098244520847074E+00 -1.176961681655653E+00 9.201040534747399E-01 -5.517000562263977E-01 2.074823808480148E-01 -6.956394087831199E-01 1.432336019241388E+00 -3.209748551194645E+00 5.151499637263652E-01 1.554401666328816E+00 6.178154481498833E-02 -9.935195321043037E-02 1.206297624012144E-01 1.922050612666469E-01 3.692128423999730E-01 -9.133602269945179E-04 -8.965120381029339E-04 -1.352424016079694E-01 -1.896527659734815E-01 -4.395998819372134E-04 6.856554389690578E-02 1.456346499093816E-01 -2.371327225942666E-02 -1.094119850117920E-01 4.768823798974115E-02 
8.439773500154546E-01 -1.985656364247197E+00 2.589139777647818E+00 -3.117477922832160E+00 3.690760330301424E+00 -4.384712827957424E+00 1.655262361973606E+00 -3.442497157087420E-01 1.167291801379795E+00 -2.344788531765878E+00 4.496281557246646E+00 -1.033663482987604E+01 7.125074416831675E+00 -1.307651838517986E-01 2.755995418767817E-01 -4.951104840739202E-01 9.459224280501620E-01 8.262240580904182E-01 -1.942963420565807E-02 9.869462071486423E-02 -2.682264060356949E-01 -5.719017095285440E-01 -2.857613168759549E-02 1.001590615422830E-01 4.010453740426783E-01 -2.041089894501133E-02 -2.752184182584977E-01 1.077263792605230E-01 
8.879307931334881E-01 -1.027593665809470E+00 -4.828334851803302E-01 1.685936367970129E+00 -2.452781655413906E+00 2.610816436610337E+00 -1.345023169351649E+00 -2.239206757119446E+00 6.769317312562298E+00 -6.396936411823850E+00 5.188391659139158E+00 -3.456170951798925E+00 1.242432810805072E+00 -6.506027930532853E+00 8.624435201174300E+00 -3.257663464174971E+00 1.143304170242398E+00 -7.077242720410930E-02 -6.021964153822162E-01 -1.042191731137143E+00 5.537569672403858E-01 -2.517828114618657E-01 4.818005955586860E-01 2.414733892043780E-01 -3.922367444908439E-02 -3.238166427460524E-01 -7.325463390613680E-02 1.378801238513613E-01 
-4.126642867882266E-01 4.977110615947798E-01 -1.791233795562377E-01 -3.038599626285089E-01 6.967322107608588E-01 -8.866398882547023E-01 5.032126083107513E-01 8.314554907379844E-01 -1.638012969082959E+00 2.272433646674201E+00 -2.076178220791595E+00 1.520177827961116E+00 -5.887202673933704E-01 -1.249386781447325E+00 -5.856917240018442E-01 2.840099123499074E+00 -9.736740982471918E-01 1.502988750901074E-01 -4.515473135540344E-01 -8.630623039430650E-02 -2.121587694560601E-01 1.391245285700370E-01 2.067986037993632E-01 1.156755598906547E-01 -1.538938367571895E-02 -1.517572906920539E-01 -2.257939151133471E-02 5.997042058654056E-02 
3.664137459237402E-01 -5.662495266051533E-01 3.386526654366476E-01 1.184569528181380E-15 -3.386526654366488E-01 5.662495266051537E-01 -3.664137459237406E-01 -5.487742413505639E-01 1.303114435099505E+00 -1.645192518637620E+00 1.645192518637621E+00 -1.303114435099504E+00 5.487742413505630E-01 3.170898270777224E-01 -1.835627635179341E+00 2.244110334898133E-15 1.835627635179338E+00 -3.170898270777204E-01 1.489387502073241E-01 -1.904351165417204E-01 1.904351165417187E-01 -1.489387502073249E-01 -2.156283835892712E-02 4.036005173868359E-16 2.156283835892745E-02 1.747528525459000E-02 -1.747528525459080E-02 1.766229137810737E-16 
-5.032126083107514E-01 8.866398882547023E-01 -6.967322107608561E-01 3.038599626285066E-01 1.791233795562396E-01 -4.977110615947801E-01 4.126642867882274E-01 5.887202673933717E-01 -1.520177827961117E+00 2.076178220791597E+00 -2.272433646674200E+00 1.638012969082959E+00 -8.314554907379832E-01 -1.502988750901095E-01 9.736740982471936E-01 -2.840099123499080E+00 5.856917240018468E-01 1.249386781447321E+00 -1.391245285700358E-01 2.121587694560622E-01 8.630623039430786E-02 4.515473135540352E-01 1.538938367571901E-02 -1.156755598906557E-01 -2.067986037993631E-01 2.257939151133569E-02 1.517572906920547E-01 -5.997042058654074E-02 
1.345023169351650E+00 -2.610816436610337E+00 2.452781655413900E+00 -1.685936367970120E+00 4.828334851803197E-01 1.027593665809478E+00 -8.879307931334928E-01 -1.242432810805073E+00 3.456170951798921E+00 -5.188391659139153E+00 6.396936411823838E+00 -6.769317312562291E+00 2.239206757119443E+00 7.077242720411309E-02 -1.143304170242406E+00 3.257663464174983E+00 -8.624435201174300E+00 6.506027930532857E+00 2.517828114618638E-01 -5.537569672403917E-01 1.042191731137135E+00 6.021964153822104E-01 3.922367444908559E-02 -2.414733892043763E-01 -4.818005955586837E-01 7.325463390613547E-02 3.238166427460491E-01 -1.378801238513593E-01 
-4.479014360637985E-01 8.302583013531149E-02 4.965325549547169E-01 -1.406193332921652E-02 -1.162890865095709E+00 2.281949355188875E+00 -1.571924772245806E+00 1.303958192350687E+00 -1.115917887192774E+00 -2.036073753681060E+00 4.398843139842461E+00 -4.745245254807416E+00 2.281949355188877E+00 -2.375448407172259E+00 7.645246843682703E+00 -6.876792247865395E+00 4.398843139842468E+00 -1.162890865095706E+00 -6.332485761641188E+00 7.645246843682705E+00 -2.036073753681077E+00 -1.406193332921794E-02 -3.684791665835033E-01 -1.115917887192766E+00 4.965325549547199E-01 3.964137210818626E-01 8.302583013530319E-02 -1.354014360637950E-01 
3.439687198531323E-01 -2.574879653447476E-01 -7.511743740332189E-02 1.493598178904546E-01 1.488840798680424E-01 -6.032786305223243E-01 5.146652812396436E-01 -7.662466630288712E-01 9.428170018018740E-01 -1.399355367699607E-01 -9.999758508213276E-01 1.567423540096311E+00 -9.068263886591416E-01 9.300581009899119E-01 -2.195302045856695E+00 2.831266998972755E+00 -2.141285195777809E+00 7.067215742584219E-01 -1.222646872949855E+00 -4.852705167258362E-01 2.428871847371670E+00 -2.957959773531286E-01 -5.308103325983820E-01 1.629212720258560E-01 -2.728127586918877E-01 1.796813309406623E-01 7.785891021506737E-02 -9.170630302052103E-02 
-5.146652812396448E-01 6.032786305223272E-01 -1.488840798680419E-01 -1.493598178904552E-01 7.511743740332248E-02 2.574879653447444E-01 -3.439687198531317E-01 9.068263886591450E-01 -1.567423540096318E+00 9.999758508213316E-01 1.399355367699537E-01 -9.428170018018691E-01 7.662466630288679E-01 -7.067215742584257E-01 2.141285195777810E+00 -2.831266998972759E+00 2.195302045856694E+00 -9.300581009899103E-01 2.957959773531310E-01 -2.428871847371668E+00 4.852705167258397E-01 1.222646872949854E+00 2.728127586918870E-01 -1.629212720258548E-01 5.308103325983828E-01 -7.785891021506697E-02 -1.796813309406626E-01 9.170630302052100E-02 
1.571924772245812E+00 -2.281949355188885E+00 1.162890865095709E+00 1.406193332922141E-02 -4.965325549547190E-01 -8.302583013530399E-02 4.479014360637943E-01 -2.281949355188883E+00 4.745245254807434E+00 -4.398843139842477E+00 2.036073753681083E+00 1.115917887192759E+00 -1.303958192350682E+00 1.162890865095715E+00 -4.398843139842475E+00 6.876792247865399E+00 -7.645246843682705E+00 2.375448407172257E+00 1.406193332921410E-02 2.036073753681072E+00 -7.645246843682708E+00 6.332485761641188E+00 -4.965325549547191E-01 1.115917887192764E+00 3.684791665835011E-01 -8.302583013530596E-02 -3.964137210818633E-01 1.354014360637955E-01 
3.639795247939334E-01 -7.325463390613646E-02 -3.922367444908361E-02 -2.517828114618538E-01 -7.077242720410888E-02 1.242432810805071E+00 -1.345023169351650E+00 -9.402074782636304E-01 2.414733892043802E-01 5.537569672404040E-01 1.143304170242402E+00 -3.456170951798912E+00 2.610816436610337E+00 1.548242499565063E+00 -1.042191731137135E+00 -3.257663464174983E+00 5.188391659139165E+00 -2.452781655413905E+00 -2.868894502468212E+00 8.624435201174299E+00 -6.396936411823844E+00 1.685936367970127E+00 -6.506027930532852E+00 6.769317312562301E+00 -4.828334851803300E-01 -2.340247394947423E-02 -1.027593665809473E+00 2.626741276181471E-01 
-4.024679021314234E-01 2.311956531074420E-01 6.222114469692716E-02 -5.922847640906901E-16 -6.222114469692540E-02 -2.311956531074408E-01 4.024679021314232E-01 9.094906928262311E-01 -7.642049526800268E-01 -9.845544117232713E-02 9.845544117232653E-02 7.642049526800230E-01 -9.094906928262272E-01 -1.130698392657445E+00 1.567578420849359E+00 -2.244110334898133E-15 -1.567578420849359E+00 1.130698392657441E+00 1.287897286820555E+00 -3.401953612461294E+00 3.401953612461296E+00 -1.287897286820551E+00 -1.546174524055624E+00 4.193685986165265E-16 1.546174524055623E+00 -6.342976128540705E-01 6.342976128540695E-01 1.293423183996786E-15 
1.345023169351649E+00 -1.242432810805075E+00 7.077242720411339E-02 2.517828114618689E-01 3.922367444908608E-02 7.325463390613521E-02 -3.639795247939356E-01 -2.610816436610344E+00 3.456170951798929E+00 -1.143304170242406E+00 -5.537569672403868E-01 -2.414733892043763E-01 9.402074782636278E-01 2.452781655413914E+00 -5.188391659139163E+00 3.257663464174970E+00 1.042191731137140E+00 -1.548242499565057E+00 -1.685936367970130E+00 6.396936411823855E+00 -8.624435201174286E+00 2.868894502468207E+00 4.828334851803284E-01 -6.769317312562310E+00 6.506027930532857E+00 1.027593665809472E+00 2.340247394947390E-02 -2.626741276181480E-01 
-3.343382496559679E-01 2.041089894501267E-02 2.857613168758966E-02 1.942963420565039E-02 1.307651838517958E-01 3.442497157087449E-01 -8.439773500154526E-01 8.774655978942841E-01 -1.001590615422927E-01 -9.869462071487380E-02 -2.755995418767940E-01 -1.167291801379803E+00 1.985656364247198E+00 -1.362385171331389E+00 2.682264060356860E-01 4.951104840739149E-01 2.344788531765876E+00 -2.589139777647832E+00 2.170508397626907E+00 -9.459224280501619E-01 -4.496281557246650E+00 3.117477922832167E+00 -4.282052272384696E+00 1.033663482987604E+01 -3.690760330301441E+00 -7.125074416831690E+00 4.384712827957437E+00 7.876636522706919E-01 
8.439773500154532E-01 -3.442497157087468E-01 -1.307651838517970E-01 -1.942963420565735E-02 -2.857613168759886E-02 -2.041089894501018E-02 3.343382496559677E-01 -1.985656364247204E+00 1.167291801379803E+00 2.755995418767747E-01 9.869462071486509E-02 1.001590615422847E-01 -8.774655978942798E-01 2.589139777647829E+00 -2.344788531765879E+00 -4.951104840739149E-01 -2.682264060356911E-01 1.362385171331387E+00 -3.117477922832161E+00 4.496281557246657E+00 9.459224280501665E-01 -2.170508397626906E+00 3.690760330301426E+00 -1.033663482987605E+01 4.282052272384706E+00 -4.384712827957420E+00 7.125074416831669E+00 -7.876636522706777E-01 
4.999999999999952E-01 -2.270636349390631E-15 -2.644917533561322E-15 -4.126990548863636E-15 -4.415204003059997E-15 4.000411821222201E-15 -5.000000000000002E-01 -1.317373435702430E+00 -8.093574663892200E-15 -6.317199923091057E-15 2.607287413753741E-15 3.526256058582548E-15 1.317373435702435E+00 2.049964813076739E+00 1.462885247673040E-14 -1.795288267918507E-14 -1.730573508403670E-15 -2.049964813076745E+00 -3.199999999999982E+00 -1.162119535359863E-14 -0.000000000000000E+00 3.200000000000000E+00 5.668985225545487E+00 5.571302317052470E-15 -5.668985225545520E+00 -1.420157660291982E+01 1.420157660291982E+01 1.947743147665748E-14 
% s collocation differentation matrix
-1.049999999999999E+01 -9.484240626662374E-16 4.600963193023457E-16 -1.184574023822921E-15 -2.388457822346795E-15 1.697045999819232E-15 3.149144093682985E-15 1.420157660291982E+01 -5.398796552018449E-16 -1.922014269474944E-15 1.045431132133524E-15 -1.988094174167503E-15 -6.149641344601875E-15 -5.668985225545518E+00 -9.143032797956494E-16 7.714129276212333E-16 7.823365434963271E-15 4.711290855568545E-15 3.200000000000002E+00 3.761740736232371E-15 -6.121794266501368E-15 -5.628788582979072E-15 -2.049964813076746E+00 2.502985359639348E-15 3.028997435546753E-15 1.317373435702434E+00 -2.646635205124894E-15 -5.000000000000001E-01 
-1.655262361973605E+00 -7.125074416831674E+00 -8.262240580904117E-01 5.719017095285428E-01 -4.010453740426735E-01 2.752184182584981E-01 -1.077263792605215E-01 4.384712827957424E+00 1.033663482987603E+01 -9.459224280501586E-01 2.682264060356835E-01 -1.001590615422898E-01 2.041089894500784E-02 -3.690760330301431E+00 -4.496281557246639E+00 4.951104840739117E-01 -9.869462071485993E-02 2.857613168759890E-02 3.117477922832165E+00 2.344788531765867E+00 -2.755995418767883E-01 1.942963420565372E-02 -2.589139777647827E+00 -1.167291801379793E+00 1.307651838518017E-01 1.985656364247198E+00 3.442497157087387E-01 -8.439773500154522E-01 
8.879307931334934E-01 -2.239206757119453E+00 -6.506027930532851E+00 -6.021964153822118E-01 4.818005955586865E-01 -3.238166427460492E-01 1.378801238513603E-01 -1.027593665809480E+00 6.769317312562314E+00 8.624435201174306E+00 -1.042191731137140E+00 2.414733892043750E-01 -7.325463390613746E-02 -4.828334851803243E-01 -6.396936411823853E+00 -3.257663464174989E+00 5.537569672403944E-01 -3.922367444908288E-02 1.685936367970129E+00 5.188391659139171E+00 1.143304170242398E+00 -2.517828114618672E-01 -2.452781655413907E+00 -3.456170951798922E+00 -7.077242720410776E-02 2.610816436610337E+00 1.242432810805068E+00 -1.345023169351650E+00 
-4.479014360637971E-01 1.303958192350687E+00 -2.375448407172254E+00 -6.332485761641188E+00 -3.684791665835027E-01 3.964137210818640E-01 -1.354014360637955E-01 8.302583013530694E-02 -1.115917887192765E+00 7.645246843682711E+00 7.645246843682703E+00 -1.115917887192764E+00 8.302583013530614E-02 4.965325549547202E-01 -2.036073753681076E+00 -6.876792247865408E+00 -2.036073753681078E+00 4.965325549547210E-01 -1.406193332921924E-02 4.398843139842469E+00 4.398843139842469E+00 -1.406193332921955E-02 -1.162890865095708E+00 -4.745245254807422E+00 -1.162890865095709E+00 2.281949355188876E+00 2.281949355188874E+00 -1.571924772245807E+00 
3.639795247939359E-01 -9.402074782636312E-01 1.548242499565059E+00 -2.868894502468217E+00 -6.506027930532849E+00 -2.340247394947577E-02 2.626741276181498E-01 -7.325463390613558E-02 2.414733892043731E-01 -1.042191731137139E+00 8.624435201174306E+00 6.769317312562309E+00 -1.027593665809478E+00 -3.922367444908309E-02 5.537569672404024E-01 -3.257663464174983E+00 -6.396936411823853E+00 -4.828334851803288E-01 -2.517828114618654E-01 1.143304170242387E+00 5.188391659139167E+00 1.685936367970129E+00 -7.077242720410828E-02 -3.456170951798923E+00 -2.452781655413912E+00 1.242432810805070E+00 2.610816436610340E+00 -1.345023169351649E+00 
-3.343382496559680E-01 8.774655978942807E-01 -1.362385171331382E+00 2.170508397626904E+00 -4.282052272384691E+00 -7.125074416831670E+00 7.876636522706816E-01 2.041089894500780E-02 -1.001590615422798E-01 2.682264060356850E-01 -9.459224280501420E-01 1.033663482987605E+01 4.384712827957406E+00 2.857613168759764E-02 -9.869462071486812E-02 4.951104840739048E-01 -4.496281557246649E+00 -3.690760330301428E+00 1.942963420565282E-02 -2.755995418767906E-01 2.344788531765874E+00 3.117477922832165E+00 1.307651838518006E-01 -1.167291801379807E+00 -2.589139777647838E+00 3.442497157087395E-01 1.985656364247202E+00 -8.439773500154516E-01 
4.999999999999981E-01 -1.317373435702422E+00 2.049964813076739E+00 -3.199999999999998E+00 5.668985225545515E+00 -1.420157660291981E+01 -1.579495302129154E-14 2.895792145140701E-15 9.504663831333749E-15 1.631195739653631E-14 2.194030692699123E-14 1.410502423433019E-14 1.420157660291982E+01 1.710266844119293E-15 2.742909839386930E-15 1.795288267918507E-14 1.576744752101122E-14 -5.668985225545501E+00 3.340346546651044E-17 -2.097605279165231E-14 -1.365549976869346E-14 3.199999999999992E+00 7.962844232544698E-16 -3.688610003679039E-15 -2.049964813076743E+00 -4.459736735307938E-15 1.317373435702427E+00 -4.999999999999974E-01 
-2.442926014244283E+00 -6.336877364207047E-16 5.707669216912889E-16 6.973691182011438E-16 4.999272406878423E-16 4.238462227392104E-16 2.973742031953662E-16 -9.773298489849866E-15 1.926694968571367E-15 -4.574368417082240E-15 -6.579719787444172E-16 -1.428889286953339E-15 -4.445523863567620E-16 3.455828214294288E+00 -1.821715107149592E-30 2.033724991001433E-15 1.619376816677214E-15 5.496505998163303E-16 -1.598606688098365E+00 -4.432911110300002E-16 -3.164005798068378E-16 -1.837971782197248E-15 9.613397972887118E-01 -5.269442862398627E-16 8.750437036023954E-16 -6.022471796357857E-01 -2.358387806546935E-16 2.266118703954459E-01 
5.517000562263965E-01 -1.554401666328813E+00 -3.692128423999706E-01 1.896527659734805E-01 -1.456346499093805E-01 1.094119850117916E-01 -4.768823798974095E-02 -9.201040534747400E-01 -5.151499637263731E-01 -1.922050612666473E-01 1.352424016079665E-01 -6.856554389690654E-02 2.371327225942641E-02 1.176961681655653E+00 3.209748551194648E+00 -1.206297624012142E-01 8.965120381020533E-04 4.395998819371937E-04 -1.098244520847075E+00 -1.432336019241391E+00 9.935195321043200E-02 9.133602269949025E-04 9.850637427480634E-01 6.956394087831185E-01 -6.178154481498859E-02 -8.000787078144374E-01 -2.074823808480140E-01 3.547796641416825E-01 
-4.126642867882271E-01 8.314554907379845E-01 -1.249386781447319E+00 -4.515473135540348E-01 2.067986037993637E-01 -1.517572906920544E-01 5.997042058654099E-02 4.977110615947813E-01 -1.638012969082960E+00 -5.856917240018524E-01 -8.630623039430783E-02 1.156755598906564E-01 -2.257939151133547E-02 -1.791233795562406E-01 2.272433646674199E+00 2.840099123499083E+00 -2.121587694560610E-01 -1.538938367571915E-02 -3.038599626285075E-01 -2.076178220791595E+00 -9.736740982471933E-01 1.391245285700367E-01 6.967322107608563E-01 1.520177827961115E+00 1.502988750901076E-01 -8.866398882547005E-01 -5.887202673933687E-01 5.032126083107505E-01 
3.439687198531327E-01 -7.662466630288697E-01 9.300581009899114E-01 -1.222646872949854E+00 -5.308103325983813E-01 1.796813309406632E-01 -9.170630302052106E-02 -2.574879653447463E-01 9.428170018018716E-01 -2.195302045856698E+00 -4.852705167258359E-01 1.629212720258528E-01 7.785891021506697E-02 -7.511743740332194E-02 -1.399355367699561E-01 2.831266998972762E+00 2.428871847371669E+00 -2.728127586918874E-01 1.493598178904562E-01 -9.999758508213298E-01 -2.141285195777810E+00 -2.957959773531289E-01 1.488840798680413E-01 1.567423540096315E+00 7.067215742584230E-01 -6.032786305223248E-01 -9.068263886591420E-01 5.146652812396435E-01 
-4.024679021314243E-01 9.094906928262311E-01 -1.130698392657442E+00 1.287897286820556E+00 -1.546174524055619E+00 -6.342976128540726E-01 -1.710472610408169E-15 2.311956531074419E-01 -7.642049526800274E-01 1.567578420849360E+00 -3.401953612461295E+00 -9.256422153779188E-15 6.342976128540752E-01 6.222114469692570E-02 -9.845544117232469E-02 -2.244110334898133E-15 3.401953612461295E+00 1.546174524055629E+00 1.234993555141464E-15 9.845544117232898E-02 -1.567578420849361E+00 -1.287897286820557E+00 -6.222114469692598E-02 7.642049526800228E-01 1.130698392657446E+00 -2.311956531074408E-01 -9.094906928262294E-01 4.024679021314230E-01 
8.439773500154546E-01 -1.985656364247204E+00 2.589139777647825E+00 -3.117477922832156E+00 3.690760330301428E+00 -4.384712827957428E+00 -7.876636522706945E-01 -3.442497157087492E-01 1.167291801379793E+00 -2.344788531765883E+00 4.496281557246635E+00 -1.033663482987605E+01 7.125074416831693E+00 -1.307651838517987E-01 2.755995418767760E-01 -4.951104840739127E-01 9.459224280501541E-01 4.282052272384696E+00 -1.942963420565853E-02 9.869462071485675E-02 -2.682264060356997E-01 -2.170508397626910E+00 -2.857613168759529E-02 1.001590615422778E-01 1.362385171331391E+00 -2.041089894501117E-02 -8.774655978942848E-01 3.343382496559680E-01 
6.252566655153412E-01 -3.651342533887619E-16 7.589916150190874E-17 -1.699473706194334E-16 9.065355470017579E-17 2.865311601212065E-16 -6.185818755448722E-16 -2.215804283169973E+00 4.867208450932525E-16 -6.260316386150449E-16 1.596499618164453E-16 -1.854610944409920E-15 1.015008808688009E-15 3.654336419254590E-15 -4.571516398978239E-16 -5.610275837245333E-16 4.867506959996976E-16 -4.711290855568545E-16 2.266698087085997E+00 1.875858576162622E-15 -3.720943055098572E-16 6.892394183239680E-16 -1.066441904006374E+00 1.251492679819674E-15 -4.038663247395671E-16 6.163908355175794E-01 -1.441236992889794E-16 -2.260994009425751E-01 
-3.209579837677060E-01 4.198521513797140E-01 9.368937913564884E-02 -8.063985275378856E-03 -9.989363497565448E-03 2.018650040444112E-02 -1.145267292889314E-02 6.517741597973213E-01 -1.800934241108815E+00 -1.564382006974648E-01 6.510697498621451E-02 -4.724571213519887E-02 1.455836312895524E-02 -7.185764488489399E-01 -1.004212072760102E-01 8.832124526319195E-03 2.630175257413692E-02 1.414795222065711E-03 7.710995593958219E-01 2.108995815462388E+00 -7.222323268610475E-02 -1.023528932041904E-02 -7.232594971905483E-01 -8.271414419112156E-01 5.972805372760338E-02 6.144893723368146E-01 2.349085738334093E-01 -2.839982992665914E-01 
3.664137459237403E-01 -5.487742413505635E-01 3.170898270777209E-01 1.489387502073244E-01 -2.156283835892729E-02 1.747528525459102E-02 -2.530562218138113E-16 -5.662495266051542E-01 1.303114435099505E+00 -1.835627635179342E+00 -1.904351165417172E-01 -4.821053205093327E-16 -1.747528525459010E-02 3.386526654366492E-01 -1.645192518637619E+00 2.244110334898133E-15 1.904351165417191E-01 2.156283835892722E-02 -5.316564183568634E-16 1.645192518637620E+00 1.835627635179339E+00 -1.489387502073245E-01 -3.386526654366473E-01 -1.303114435099503E+00 -3.170898270777204E-01 5.662495266051522E-01 5.487742413505615E-01 -3.664137459237397E-01 
-5.146652812396449E-01 9.068263886591440E-01 -7.067215742584232E-01 2.957959773531285E-01 2.728127586918867E-01 -7.785891021506779E-02 9.170630302052143E-02 6.032786305223267E-01 -1.567423540096315E+00 2.141285195777812E+00 -2.428871847371669E+00 -1.629212720258539E-01 -1.796813309406625E-01 -1.488840798680437E-01 9.999758508213298E-01 -2.831266998972761E+00 4.852705167258362E-01 5.308103325983830E-01 -1.493598178904555E-01 1.399355367699565E-01 2.195302045856697E+00 1.222646872949855E+00 7.511743740332275E-02 -9.428170018018712E-01 -9.300581009899108E-01 2.574879653447452E-01 7.662466630288688E-01 -3.439687198531318E-01 
1.345023169351648E+00 -2.610816436610334E+00 2.452781655413899E+00 -1.685936367970122E+00 4.828334851803206E-01 1.027593665809475E+00 -2.626741276181491E-01 -1.242432810805072E+00 3.456170951798919E+00 -5.188391659139151E+00 6.396936411823831E+00 -6.769317312562294E+00 2.340247394947726E-02 7.077242720411261E-02 -1.143304170242402E+00 3.257663464174974E+00 -8.624435201174297E+00 6.506027930532851E+00 2.517828114618641E-01 -5.537569672403918E-01 1.042191731137140E+00 2.868894502468210E+00 3.922367444908404E-02 -2.414733892043765E-01 -1.548242499565062E+00 7.325463390613583E-02 9.402074782636295E-01 -3.639795247939342E-01 
-3.124999999999998E-01 5.321227976631798E-16 3.813427487921350E-16 -3.047011610511367E-16 5.045903668538267E-17 -3.438821757312762E-16 9.091279079977667E-16 9.075444712688219E-01 -1.153557765806833E-15 -5.857087782354214E-16 -9.038487514492388E-16 2.656866166756316E-15 -1.481841287855873E-15 -2.006969240588754E+00 9.143032797956472E-16 1.683082751173600E-15 -3.098250492351577E-15 1.309922494033441E-15 1.222981283658987E-15 -4.519225864834973E-15 2.451126082106397E-15 -1.378478836647936E-15 2.006969240588754E+00 -2.766457502759279E-15 3.365552706163059E-16 -9.075444712688207E-01 1.270908984639182E-15 3.125000000000004E-01 
2.839982992665915E-01 -2.349085738334108E-01 -5.972805372760378E-02 1.023528932041953E-02 -1.414795222066451E-03 -1.455836312895440E-02 1.145267292889270E-02 -6.144893723368158E-01 8.271414419112173E-01 7.222323268610391E-02 -2.630175257413586E-02 4.724571213519736E-02 -2.018650040444067E-02 7.232594971905486E-01 -2.108995815462388E+00 -8.832124526322772E-03 -6.510697498621375E-02 9.989363497565332E-03 -7.710995593958206E-01 1.004212072760115E-01 1.564382006974671E-01 8.063985275378938E-03 7.185764488489395E-01 1.800934241108814E+00 -9.368937913564838E-02 -6.517741597973205E-01 -4.198521513797122E-01 3.209579837677058E-01 
-5.032126083107513E-01 5.887202673933721E-01 -1.502988750901079E-01 -1.391245285700368E-01 1.538938367571864E-02 2.257939151133443E-02 -5.997042058654044E-02 8.866398882547035E-01 -1.520177827961120E+00 9.736740982471945E-01 2.121587694560584E-01 -1.156755598906552E-01 1.517572906920539E-01 -6.967322107608602E-01 2.076178220791595E+00 -2.840099123499080E+00 8.630623039430628E-02 -2.067986037993629E-01 3.038599626285097E-01 -2.272433646674202E+00 5.856917240018501E-01 4.515473135540345E-01 1.791233795562375E-01 1.638012969082958E+00 1.249386781447321E+00 -4.977110615947795E-01 -8.314554907379826E-01 4.126642867882267E-01 
1.571924772245812E+00 -2.281949355188884E+00 1.162890865095709E+00 1.406193332921810E-02 -4.965325549547193E-01 -8.302583013530418E-02 1.354014360637943E-01 -2.281949355188886E+00 4.745245254807433E+00 -4.398843139842477E+00 2.036073753681081E+00 1.115917887192762E+00 -3.964137210818628E-01 1.162890865095715E+00 -4.398843139842475E+00 6.876792247865399E+00 -7.645246843682699E+00 3.684791665834995E-01 1.406193332921597E-02 2.036073753681074E+00 -7.645246843682708E+00 6.332485761641190E+00 -4.965325549547195E-01 1.115917887192762E+00 2.375448407172257E+00 -8.302583013530472E-02 -1.303958192350684E+00 4.479014360637953E-01 
2.260994009425742E-01 -1.059397699841855E-15 4.377091425797162E-16 8.965240805658046E-16 5.503598842260216E-16 -8.544056320251587E-16 8.435207393793711E-17 -6.163908355175800E-01 1.951940752882481E-15 1.331421755428935E-15 -1.329438617443161E-16 1.497037406410434E-15 -3.056297656202739E-16 1.066441904006376E+00 -1.828606559591300E-15 2.805137918622667E-15 3.004288584793047E-16 3.140860570379030E-16 -2.266698087086001E+00 -6.822714602346625E-15 -2.313383208455118E-15 -8.514527446876859E-17 8.664822911801592E-15 7.377220007358078E-15 8.077326494791342E-16 2.215804283169966E+00 -1.598462846659589E-15 -6.252566655153431E-01 
-3.547796641416824E-01 2.074823808480152E-01 6.178154481498752E-02 -9.133602269965783E-04 -4.395998819374558E-04 -2.371327225942673E-02 4.768823798974090E-02 8.000787078144385E-01 -6.956394087831198E-01 -9.935195321042840E-02 -8.965120381027015E-04 6.856554389690578E-02 -1.094119850117910E-01 -9.850637427480632E-01 1.432336019241391E+00 1.206297624012148E-01 -1.352424016079677E-01 1.456346499093799E-01 1.098244520847074E+00 -3.209748551194648E+00 1.922050612666445E-01 -1.896527659734790E-01 -1.176961681655651E+00 5.151499637263797E-01 3.692128423999707E-01 9.201040534747392E-01 1.554401666328809E+00 -5.517000562263957E-01 
1.345023169351651E+00 -1.242432810805076E+00 7.077242720411039E-02 2.517828114618676E-01 3.922367444908532E-02 7.325463390613625E-02 -1.378801238513611E-01 -2.610816436610345E+00 3.456170951798930E+00 -1.143304170242405E+00 -5.537569672403860E-01 -2.414733892043796E-01 3.238166427460499E-01 2.452781655413915E+00 -5.188391659139162E+00 3.257663464174972E+00 1.042191731137137E+00 -4.818005955586830E-01 -1.685936367970130E+00 6.396936411823847E+00 -8.624435201174288E+00 6.021964153822104E-01 4.828334851803310E-01 -6.769317312562308E+00 6.506027930532852E+00 1.027593665809470E+00 2.239206757119444E+00 -8.879307931334891E-01 
-2.266118703954453E-01 9.893595222082600E-16 2.695009071397632E-16 -7.276609478752218E-16 5.915891288917957E-16 7.824631165949690E-16 -6.326405545345283E-16 6.022471796357858E-01 -2.025202323517652E-15 3.067153016733537E-15 1.548742858183706E-15 -2.702565785975748E-15 1.176211522235599E-15 -9.613397972887123E-01 2.057182379540208E-15 1.683082751173600E-15 5.158774482600269E-15 -1.805994827967942E-15 1.598606688098366E+00 -1.219140696018356E-15 -8.047593028517909E-15 1.837971782197248E-15 -3.455828214294282E+00 8.431108579837803E-15 -2.137567856954892E-15 -1.862571334057845E-14 2.515613660316731E-15 2.442926014244300E+00 
8.439773500154535E-01 -3.442497157087437E-01 -1.307651838518014E-01 -1.942963420566138E-02 -2.857613168759881E-02 -2.041089894500908E-02 1.077263792605222E-01 -1.985656364247203E+00 1.167291801379808E+00 2.755995418767774E-01 9.869462071487027E-02 1.001590615422844E-01 -2.752184182584948E-01 2.589139777647832E+00 -2.344788531765875E+00 -4.951104840739194E-01 -2.682264060356856E-01 4.010453740426757E-01 -3.117477922832164E+00 4.496281557246643E+00 9.459224280501602E-01 -5.719017095285379E-01 3.690760330301428E+00 -1.033663482987605E+01 8.262240580904113E-01 -4.384712827957420E+00 7.125074416831674E+00 1.655262361973610E+00 
5.000000000000002E-01 1.640506186598724E-15 -4.760893071990023E-15 -3.892477758238091E-15 -2.117038923972306E-15 -1.957531092310957E-16 1.387122993646077E-15 -1.317373435702433E+00 -5.532139868605481E-15 -1.382136813274259E-14 -9.237516243912765E-15 -7.779906533873696E-16 -8.705817566153255E-16 2.049964813076736E+00 -8.040673576384409E-30 8.976441339592533E-15 -2.067002188119054E-15 -1.256344228151612E-15 -3.199999999999988E+00 -2.108850017597685E-15 5.638613551468075E-15 1.148732363873280E-15 5.668985225545487E+00 0.000000000000000E+00 -7.538838061805253E-15 -1.420157660291982E+01 6.708303094177949E-15 1.050000000000001E+01 
% reference mass matrix
4.084489183547777E-03 -3.795156600115428E-03 2.493327913512154E-03 -8.831848091380711E-04 3.873731970383431E-05 2.875658654248296E-04 -1.534692438967931E-04 -3.795156600115412E-03 6.289192341700492E-03 -4.665643628156119E-03 2.285876417629607E-03 -2.768799815391496E-04 -4.649330408767362E-04 2.493327913512163E-03 -4.665643628156122E-03 3.197648349199749E-03 -5.801900956382367E-04 -1.688376315975936E-03 -8.831848091380778E-04 2.285876417629601E-03 -5.801900956382435E-04 -2.398331400744495E-03 3.873731970384034E-05 -2.768799815391654E-04 -1.688376315975939E-03 2.875658654248251E-04 -4.649330408767346E-04 -1.534692438967923E-04 
-3.795156600115423E-03 1.953175895115639E-02 -5.184818824786245E-03 2.400400733240371E-03 -4.022547261677092E-04 -4.471724730699390E-04 2.875658654248219E-04 9.340759286750487E-03 -3.176800018764866E-03 7.148584369264243E-03 -3.819788252432658E-03 3.522751993737048E-04 1.095500640440523E-03 -5.718651389364062E-03 2.624342490614843E-03 -4.067406251242681E-03 3.355867574366037E-04 3.464517214864970E-03 2.720893544356526E-03 -9.123100241133024E-04 8.082087295348524E-04 3.546238087358027E-03 -1.669253955437229E-03 -3.752380016554652E-04 1.509895955005656E-03 1.095500640440515E-03 4.017188924969465E-04 -4.649330408767370E-04 
2.493327913512153E-03 -5.184818824786244E-03 2.836978931600502E-02 -4.405678465530378E-03 1.827930834085066E-03 -4.022547261677118E-04 3.873731970383708E-05 -5.718651389364051E-03 1.531168496865584E-02 6.420340693915208E-03 8.533402182415376E-04 7.675444685559488E-04 -1.669253955437239E-03 -1.038648214586119E-03 -1.192103359723397E-02 -1.841219198937724E-03 1.233245883914091E-03 -3.628685451817732E-03 3.473962340356048E-03 7.853374008297602E-03 2.669865388994755E-04 -2.049491328350650E-03 -3.628685451817736E-03 -4.389602752526984E-03 7.697017002552376E-05 3.464517214864976E-03 1.509895955005651E-03 -1.688376315975937E-03 
-8.831848091380699E-04 2.400400733240357E-03 -4.405678465530367E-03 3.178277913292567E-02 -4.405678465530406E-03 2.400400733240378E-03 -8.831848091380788E-04 2.720893544356506E-03 -4.622745914442960E-03 1.361180641048509E-02 1.361180641048509E-02 -4.622745914443020E-03 2.720893544356533E-03 3.473962340356061E-03 -3.079317521658025E-03 -1.374715802665962E-02 -3.079317521658004E-03 3.473962340356046E-03 -4.998291867247239E-04 7.881999668318146E-03 7.881999668318108E-03 -4.998291867247370E-04 -2.049491328350655E-03 -7.863029925325412E-03 -2.049491328350659E-03 3.546238087358019E-03 3.546238087358005E-03 -2.398331400744489E-03 
3.873731970383559E-05 -4.022547261677144E-04 1.827930834085064E-03 -4.405678465530410E-03 2.836978931600505E-02 -5.184818824786251E-03 2.493327913512159E-03 -1.669253955437226E-03 7.675444685559362E-04 8.533402182415299E-04 6.420340693915194E-03 1.531168496865589E-02 -5.718651389364057E-03 -3.628685451817745E-03 1.233245883914094E-03 -1.841219198937751E-03 -1.192103359723399E-02 -1.038648214586130E-03 -2.049491328350659E-03 2.669865388994816E-04 7.853374008297604E-03 3.473962340356056E-03 7.697017002552537E-05 -4.389602752526970E-03 -3.628685451817739E-03 1.509895955005660E-03 3.464517214864983E-03 -1.688376315975938E-03 
