% degree N
6
% number of nodes
28
% node coordinates
-1.000000000000000E+00 -1.000000000000000E+00
-8.302238962785673E-01 -1.000000000000000E+00
-4.688487934707143E-01 -1.000000000000000E+00
0.000000000000000E+00 -1.000000000000000E+00
4.688487934707142E-01 -1.000000000000000E+00
8.302238962785671E-01 -1.000000000000000E+00
1.000000000000000E+00 -1.000000000000000E+00
-1.000000000000000E+00 -8.302238962785671E-01
-7.695164961934418E-01 -7.695164961934415E-01
-3.647692565366892E-01 -7.440953960343212E-01
1.088646525710104E-01 -7.440953960343213E-01
5.390329923868830E-01 -7.695164961934414E-01
8.302238962785673E-01 -8.302238962785673E-01
-1.000000000000000E+00 -4.688487934707143E-01
-7.440953960343213E-01 -3.647692565366893E-01
-3.333333333333334E-01 -3.333333333333334E-01
1.088646525710104E-01 -3.647692565366893E-01
4.688487934707138E-01 -4.688487934707141E-01
-1.000000000000000E+00 0.000000000000000E+00
-7.440953960343213E-01 1.088646525710104E-01
-3.647692565366892E-01 1.088646525710105E-01
-5.551115123125783E-17 5.551115123125783E-17
-1.000000000000000E+00 4.688487934707141E-01
-7.695164961934415E-01 5.390329923868828E-01
-4.688487934707143E-01 4.688487934707142E-01
-9.999999999999999E-01 8.302238962785673E-01
-8.302238962785671E-01 8.302238962785673E-01
-1.000000000000000E+00 1.000000000000000E+00
% r collocation differentation matrix
-1.050000000000001E+01 1.420157660291982E+01 -5.668985225545487E+00 3.199999999999986E+00 -2.049964813076732E+00 1.317373435702429E+00 -4.999999999999991E-01 -1.600324968973921E-16 9.792048526255377E-16 1.116699720509153E-15 -2.834220171516787E-15 -3.645794575087299E-16 3.242596880276644E-16 1.672052769740069E-15 -1.459257223196331E-15 1.000903709583669E-15 1.624176355853029E-16 1.725955118599554E-16 -1.255036151085729E-15 4.318553540578069E-16 1.190203983595155E-15 1.396335338917554E-15 2.684372871159878E-16 -5.327836729751304E-16 -1.025897592454935E-16 -1.795711660530645E-16 -1.341545491840272E-17 1.642592674985520E-16 
-2.442926014244299E+00 1.298964172662383E-14 3.455828214294279E+00 -1.598606688098365E+00 9.613397972887117E-01 -6.022471796357854E-01 2.266118703954456E-01 -3.296911035662180E-16 5.098262133011130E-17 3.810478916252770E-16 -2.964782513225377E-16 2.510933680269065E-16 -3.361147145857728E-16 -2.004935417131689E-16 -9.731222200314455E-17 -1.557199599477742E-16 -3.738024686269456E-16 4.089323988166325E-16 4.487523642697206E-16 -8.892175993759689E-16 8.503993835050859E-16 -1.990912020734546E-16 -1.859122210403591E-16 5.112046236865811E-16 -3.676051769747125E-16 -4.611732666284475E-17 1.028224228693814E-16 1.033124300629554E-17 
6.252566655153449E-01 -2.215804283169974E+00 -1.063494285538688E-16 2.266698087085999E+00 -1.066441904006375E+00 6.163908355175801E-01 -2.260994009425750E-01 8.362834094891909E-17 8.086318009920888E-17 -3.889839548901560E-16 5.879972155582115E-16 -2.585389721374335E-16 2.415641722437909E-16 5.558841156896320E-17 -5.275288973404049E-17 4.075996848006206E-16 2.533861476497236E-17 1.341867538761313E-16 1.925957623894939E-17 -1.190794128434158E-17 -1.621794096076437E-16 -1.186006568951643E-17 1.039873827408850E-16 -1.588512657159136E-16 -2.232677717462546E-17 -2.108099426835353E-16 -1.464184634590794E-16 6.208096426086996E-17 
-3.125000000000009E-01 9.075444712688221E-01 -2.006969240588752E+00 -9.476556225451046E-16 2.006969240588754E+00 -9.075444712688213E-01 3.125000000000006E-01 -5.845188936487429E-18 -5.887084450543059E-17 1.872849915147229E-16 -4.848968299446903E-16 3.730479901215190E-16 -1.277539016777799E-16 7.302695646592153E-17 1.505477651306171E-16 -4.445383267270476E-17 -1.557194637355649E-16 5.795590787068877E-17 -1.189554461973264E-16 2.545855760912461E-16 6.291973017436832E-17 9.738586059651093E-17 1.939691992224112E-16 3.808420635946564E-16 3.537591859716768E-17 1.339182047508012E-16 4.936993444302981E-17 1.562081648619440E-17 
2.260994009425758E-01 -6.163908355175803E-01 1.066441904006375E+00 -2.266698087086000E+00 2.202660773379569E-15 2.215804283169971E+00 -6.252566655153431E-01 -7.149541716776826E-17 -2.794927897520544E-16 3.936715899517983E-16 9.793869842077674E-17 1.242385377464080E-16 -3.612810744313066E-16 -1.621975772046295E-17 -5.032448188431089E-16 -3.843864136937097E-16 -5.395259909426471E-16 2.292361462409776E-16 6.613428491193008E-17 1.574758149368998E-17 2.462241856691652E-16 -1.758873669334780E-16 -2.274281240133162E-17 -5.648159012967615E-16 7.879090593469942E-17 1.120648626364876E-16 2.531624002196979E-16 -1.035498561702995E-16 
-2.266118703954468E-01 6.022471796357870E-01 -9.613397972887113E-01 1.598606688098366E+00 -3.455828214294281E+00 -6.194186045763403E-15 2.442926014244293E+00 2.565184383788403E-16 3.545691220323255E-16 4.128555580440978E-16 -1.887482269145144E-15 9.620382723243848E-16 4.720470670385606E-17 -3.045960763565992E-16 -3.816946133397680E-16 2.097409152378886E-15 8.318528340186742E-17 -7.364358010427561E-17 2.125860657328833E-16 -6.809396285770973E-16 -5.458614534333394E-17 6.540670444062652E-18 -2.497649848416961E-16 6.718737859353511E-16 -3.171556756002168E-16 -6.319030342351999E-16 -5.154346549205878E-16 4.621075281373624E-17 
4.999999999999934E-01 -1.317373435702427E+00 2.049964813076733E+00 -3.200000000000002E+00 5.668985225545497E+00 -1.420157660291981E+01 1.050000000000001E+01 3.056350041032624E-16 2.896306283773472E-15 -2.156139576989017E-15 -1.915335967893179E-15 -8.279127886420167E-16 1.406149660157452E-15 -1.625022472338297E-15 2.757900003006721E-15 -2.602609128921835E-16 2.494069743879789E-15 -5.507454087137063E-16 6.944007396582861E-16 1.569559722113722E-16 -4.262864660102778E-15 1.377381369431526E-15 8.178871014490721E-16 4.512496225303021E-15 2.669627655172157E-16 -1.247399125959439E-15 -1.829985514388339E-15 6.427458683782227E-16 
-1.655262361973609E+00 4.384712827957418E+00 -3.690760330301420E+00 3.117477922832157E+00 -2.589139777647826E+00 1.985656364247197E+00 -8.439773500154524E-01 -7.125074416831669E+00 1.033663482987603E+01 -4.496281557246643E+00 2.344788531765864E+00 -1.167291801379796E+00 3.442497157087407E-01 -8.262240580904129E-01 -9.459224280501535E-01 4.951104840739174E-01 -2.755995418767796E-01 1.307651838517989E-01 5.719017095285369E-01 2.682264060356817E-01 -9.869462071486970E-02 1.942963420565581E-02 -4.010453740426726E-01 -1.001590615422823E-01 2.857613168759709E-02 2.752184182584936E-01 2.041089894500811E-02 -1.077263792605218E-01 
5.517000562263986E-01 -9.201040534747438E-01 1.176961681655654E+00 -1.098244520847076E+00 9.850637427480636E-01 -8.000787078144388E-01 3.547796641416833E-01 -1.554401666328814E+00 -5.151499637263699E-01 3.209748551194649E+00 -1.432336019241393E+00 6.956394087831204E-01 -2.074823808480154E-01 -3.692128423999705E-01 -1.922050612666478E-01 -1.206297624012173E-01 9.935195321043028E-02 -6.178154481498812E-02 1.896527659734802E-01 1.352424016079702E-01 8.965120381044780E-04 9.133602269950562E-04 -1.456346499093812E-01 -6.856554389690733E-02 4.395998819367462E-04 1.094119850117922E-01 2.371327225942717E-02 -4.768823798974160E-02 
-3.209579837677068E-01 6.517741597973219E-01 -7.185764488489385E-01 7.710995593958205E-01 -7.232594971905478E-01 6.144893723368148E-01 -2.839982992665917E-01 4.198521513797129E-01 -1.800934241108812E+00 -1.004212072760145E-01 2.108995815462387E+00 -8.271414419112164E-01 2.349085738334105E-01 9.368937913564832E-02 -1.564382006974685E-01 8.832124526322489E-03 -7.222323268610496E-02 5.972805372760396E-02 -8.063985275378648E-03 6.510697498621354E-02 2.630175257413581E-02 -1.023528932041983E-02 -9.989363497565738E-03 -4.724571213519821E-02 1.414795222066649E-03 2.018650040444091E-02 1.455836312895436E-02 -1.145267292889285E-02 
2.839982992665922E-01 -6.144893723368159E-01 7.232594971905482E-01 -7.710995593958213E-01 7.185764488489397E-01 -6.517741597973209E-01 3.209579837677066E-01 -2.349085738334102E-01 8.271414419112161E-01 -2.108995815462388E+00 1.004212072760146E-01 1.800934241108813E+00 -4.198521513797136E-01 -5.972805372760379E-02 7.222323268610578E-02 -8.832124526321017E-03 1.564382006974664E-01 -9.368937913564909E-02 1.023528932041960E-02 -2.630175257413714E-02 -6.510697498621368E-02 8.063985275379387E-03 -1.414795222066116E-03 4.724571213519835E-02 9.989363497565143E-03 -1.455836312895497E-02 -2.018650040444070E-02 1.145267292889297E-02 
-3.547796641416837E-01 8.000787078144390E-01 -9.850637427480626E-01 1.098244520847076E+00 -1.176961681655652E+00 9.201040534747400E-01 -5.517000562263980E-01 2.074823808480146E-01 -6.956394087831183E-01 1.432336019241390E+00 -3.209748551194645E+00 5.151499637263652E-01 1.554401666328816E+00 6.178154481498861E-02 -9.935195321043069E-02 1.206297624012151E-01 1.922050612666455E-01 3.692128423999727E-01 -9.133602269959068E-04 -8.965120381030095E-04 -1.352424016079692E-01 -1.896527659734816E-01 -4.395998819370415E-04 6.856554389690636E-02 1.456346499093819E-01 -2.371327225942678E-02 -1.094119850117917E-01 4.768823798974134E-02 
8.439773500154540E-01 -1.985656364247194E+00 2.589139777647820E+00 -3.117477922832162E+00 3.690760330301420E+00 -4.384712827957425E+00 1.655262361973609E+00 -3.442497157087412E-01 1.167291801379793E+00 -2.344788531765861E+00 4.496281557246635E+00 -1.033663482987604E+01 7.125074416831671E+00 -1.307651838517987E-01 2.755995418767835E-01 -4.951104840739171E-01 9.459224280501631E-01 8.262240580904174E-01 -1.942963420565810E-02 9.869462071486530E-02 -2.682264060356929E-01 -5.719017095285431E-01 -2.857613168759504E-02 1.001590615422895E-01 4.010453740426800E-01 -2.041089894501101E-02 -2.752184182584964E-01 1.077263792605233E-01 
8.879307931334939E-01 -1.027593665809476E+00 -4.828334851803243E-01 1.685936367970126E+00 -2.452781655413907E+00 2.610816436610339E+00 -1.345023169351652E+00 -2.239206757119444E+00 6.769317312562298E+00 -6.396936411823848E+00 5.188391659139158E+00 -3.456170951798928E+00 1.242432810805074E+00 -6.506027930532854E+00 8.624435201174295E+00 -3.257663464174982E+00 1.143304170242404E+00 -7.077242720410935E-02 -6.021964153822120E-01 -1.042191731137137E+00 5.537569672403866E-01 -2.517828114618668E-01 4.818005955586845E-01 2.414733892043802E-01 -3.922367444908334E-02 -3.238166427460507E-01 -7.325463390613580E-02 1.378801238513611E-01 
-4.126642867882276E-01 4.977110615947819E-01 -1.791233795562396E-01 -3.038599626285081E-01 6.967322107608571E-01 -8.866398882547013E-01 5.032126083107514E-01 8.314554907379827E-01 -1.638012969082957E+00 2.272433646674199E+00 -2.076178220791593E+00 1.520177827961116E+00 -5.887202673933704E-01 -1.249386781447320E+00 -5.856917240018513E-01 2.840099123499080E+00 -9.736740982471922E-01 1.502988750901069E-01 -4.515473135540340E-01 -8.630623039430603E-02 -2.121587694560602E-01 1.391245285700369E-01 2.067986037993625E-01 1.156755598906555E-01 -1.538938367571935E-02 -1.517572906920542E-01 -2.257939151133493E-02 5.997042058654063E-02 
3.664137459237408E-01 -5.662495266051535E-01 3.386526654366478E-01 4.738278112725523E-16 -3.386526654366479E-01 5.662495266051527E-01 -3.664137459237405E-01 -5.487742413505623E-01 1.303114435099502E+00 -1.645192518637618E+00 1.645192518637618E+00 -1.303114435099504E+00 5.487742413505627E-01 3.170898270777207E-01 -1.835627635179341E+00 3.366165502347199E-15 1.835627635179337E+00 -3.170898270777195E-01 1.489387502073239E-01 -1.904351165417203E-01 1.904351165417185E-01 -1.489387502073246E-01 -2.156283835892684E-02 9.467598302005537E-16 2.156283835892752E-02 1.747528525459020E-02 -1.747528525459077E-02 1.460535633189648E-16 
-5.032126083107528E-01 8.866398882547036E-01 -6.967322107608573E-01 3.038599626285095E-01 1.791233795562399E-01 -4.977110615947810E-01 4.126642867882278E-01 5.887202673933705E-01 -1.520177827961116E+00 2.076178220791596E+00 -2.272433646674200E+00 1.638012969082961E+00 -8.314554907379831E-01 -1.502988750901085E-01 9.736740982471952E-01 -2.840099123499082E+00 5.856917240018519E-01 1.249386781447318E+00 -1.391245285700361E-01 2.121587694560617E-01 8.630623039430789E-02 4.515473135540343E-01 1.538938367571870E-02 -1.156755598906568E-01 -2.067986037993634E-01 2.257939151133583E-02 1.517572906920543E-01 -5.997042058654102E-02 
1.345023169351654E+00 -2.610816436610343E+00 2.452781655413906E+00 -1.685936367970127E+00 4.828334851803247E-01 1.027593665809474E+00 -8.879307931334930E-01 -1.242432810805076E+00 3.456170951798929E+00 -5.188391659139165E+00 6.396936411823856E+00 -6.769317312562301E+00 2.239206757119449E+00 7.077242720411148E-02 -1.143304170242404E+00 3.257663464174982E+00 -8.624435201174297E+00 6.506027930532854E+00 2.517828114618674E-01 -5.537569672403917E-01 1.042191731137133E+00 6.021964153822100E-01 3.922367444908485E-02 -2.414733892043761E-01 -4.818005955586814E-01 7.325463390613637E-02 3.238166427460480E-01 -1.378801238513597E-01 
-4.479014360637984E-01 8.302583013530862E-02 4.965325549547140E-01 -1.406193332921274E-02 -1.162890865095710E+00 2.281949355188876E+00 -1.571924772245809E+00 1.303958192350682E+00 -1.115917887192766E+00 -2.036073753681078E+00 4.398843139842465E+00 -4.745245254807428E+00 2.281949355188878E+00 -2.375448407172253E+00 7.645246843682705E+00 -6.876792247865407E+00 4.398843139842467E+00 -1.162890865095702E+00 -6.332485761641193E+00 7.645246843682705E+00 -2.036073753681074E+00 -1.406193332921988E-02 -3.684791665835026E-01 -1.115917887192765E+00 4.965325549547200E-01 3.964137210818648E-01 8.302583013530500E-02 -1.354014360637959E-01 
3.439687198531334E-01 -2.574879653447478E-01 -7.511743740332094E-02 1.493598178904547E-01 1.488840798680424E-01 -6.032786305223253E-01 5.146652812396448E-01 -7.662466630288691E-01 9.428170018018728E-01 -1.399355367699573E-01 -9.999758508213271E-01 1.567423540096315E+00 -9.068263886591426E-01 9.300581009899104E-01 -2.195302045856695E+00 2.831266998972762E+00 -2.141285195777808E+00 7.067215742584215E-01 -1.222646872949856E+00 -4.852705167258366E-01 2.428871847371668E+00 -2.957959773531298E-01 -5.308103325983821E-01 1.629212720258538E-01 -2.728127586918875E-01 1.796813309406627E-01 7.785891021506708E-02 -9.170630302052142E-02 
-5.146652812396462E-01 6.032786305223279E-01 -1.488840798680434E-01 -1.493598178904554E-01 7.511743740332143E-02 2.574879653447459E-01 -3.439687198531327E-01 9.068263886591430E-01 -1.567423540096316E+00 9.999758508213302E-01 1.399355367699540E-01 -9.428170018018722E-01 7.662466630288690E-01 -7.067215742584235E-01 2.141285195777813E+00 -2.831266998972761E+00 2.195302045856695E+00 -9.300581009899094E-01 2.957959773531299E-01 -2.428871847371669E+00 4.852705167258364E-01 1.222646872949856E+00 2.728127586918870E-01 -1.629212720258554E-01 5.308103325983827E-01 -7.785891021506700E-02 -1.796813309406619E-01 9.170630302052128E-02 
1.571924772245813E+00 -2.281949355188885E+00 1.162890865095713E+00 1.406193332921274E-02 -4.965325549547185E-01 -8.302583013530636E-02 4.479014360637957E-01 -2.281949355188880E+00 4.745245254807422E+00 -4.398843139842473E+00 2.036073753681075E+00 1.115917887192762E+00 -1.303958192350684E+00 1.162890865095712E+00 -4.398843139842477E+00 6.876792247865407E+00 -7.645246843682702E+00 2.375448407172254E+00 1.406193332921854E-02 2.036073753681070E+00 -7.645246843682704E+00 6.332485761641189E+00 -4.965325549547200E-01 1.115917887192763E+00 3.684791665835031E-01 -8.302583013530657E-02 -3.964137210818642E-01 1.354014360637956E-01 
3.639795247939351E-01 -7.325463390613283E-02 -3.922367444908581E-02 -2.517828114618623E-01 -7.077242720411041E-02 1.242432810805076E+00 -1.345023169351651E+00 -9.402074782636262E-01 2.414733892043772E-01 5.537569672404000E-01 1.143304170242401E+00 -3.456170951798928E+00 2.610816436610339E+00 1.548242499565059E+00 -1.042191731137137E+00 -3.257663464174978E+00 5.188391659139161E+00 -2.452781655413900E+00 -2.868894502468215E+00 8.624435201174293E+00 -6.396936411823843E+00 1.685936367970126E+00 -6.506027930532849E+00 6.769317312562301E+00 -4.828334851803273E-01 -2.340247394947606E-02 -1.027593665809470E+00 2.626741276181472E-01 
-4.024679021314243E-01 2.311956531074430E-01 6.222114469692475E-02 6.317704150300697E-16 -6.222114469692482E-02 -2.311956531074415E-01 4.024679021314241E-01 9.094906928262282E-01 -7.642049526800229E-01 -9.845544117232731E-02 9.845544117233176E-02 7.642049526800279E-01 -9.094906928262292E-01 -1.130698392657443E+00 1.567578420849361E+00 1.122055167449066E-15 -1.567578420849359E+00 1.130698392657442E+00 1.287897286820557E+00 -3.401953612461299E+00 3.401953612461294E+00 -1.287897286820554E+00 -1.546174524055626E+00 4.767930820632804E-15 1.546174524055620E+00 -6.342976128540706E-01 6.342976128540690E-01 3.804185835284666E-16 
1.345023169351654E+00 -1.242432810805077E+00 7.077242720411464E-02 2.517828114618623E-01 3.922367444908626E-02 7.325463390613488E-02 -3.639795247939348E-01 -2.610816436610339E+00 3.456170951798924E+00 -1.143304170242400E+00 -5.537569672403919E-01 -2.414733892043772E-01 9.402074782636288E-01 2.452781655413911E+00 -5.188391659139163E+00 3.257663464174980E+00 1.042191731137139E+00 -1.548242499565057E+00 -1.685936367970135E+00 6.396936411823849E+00 -8.624435201174297E+00 2.868894502468209E+00 4.828334851803292E-01 -6.769317312562305E+00 6.506027930532853E+00 1.027593665809473E+00 2.340247394947153E-02 -2.626741276181480E-01 
-3.343382496559702E-01 2.041089894501682E-02 2.857613168759373E-02 1.942963420566015E-02 1.307651838518007E-01 3.442497157087400E-01 -8.439773500154519E-01 8.774655978942862E-01 -1.001590615422882E-01 -9.869462071487274E-02 -2.755995418767876E-01 -1.167291801379801E+00 1.985656364247196E+00 -1.362385171331394E+00 2.682264060356934E-01 4.951104840739227E-01 2.344788531765856E+00 -2.589139777647825E+00 2.170508397626910E+00 -9.459224280501777E-01 -4.496281557246625E+00 3.117477922832163E+00 -4.282052272384699E+00 1.033663482987603E+01 -3.690760330301436E+00 -7.125074416831682E+00 4.384712827957430E+00 7.876636522706861E-01 
8.439773500154587E-01 -3.442497157087449E-01 -1.307651838517992E-01 -1.942963420566110E-02 -2.857613168759627E-02 -2.041089894500745E-02 3.343382496559675E-01 -1.985656364247204E+00 1.167291801379810E+00 2.755995418767799E-01 9.869462071486747E-02 1.001590615422816E-01 -8.774655978942768E-01 2.589139777647840E+00 -2.344788531765872E+00 -4.951104840739138E-01 -2.682264060356814E-01 1.362385171331382E+00 -3.117477922832171E+00 4.496281557246669E+00 9.459224280501448E-01 -2.170508397626901E+00 3.690760330301428E+00 -1.033663482987604E+01 4.282052272384698E+00 -4.384712827957419E+00 7.125074416831676E+00 -7.876636522706880E-01 
4.999999999999988E-01 0.000000000000000E+00 1.939692500111651E-15 1.010832664048112E-14 4.029651189657444E-15 8.258914727684538E-15 -5.000000000000039E-01 -1.317373435702422E+00 -1.859247104687924E-14 6.892540771576399E-15 8.240121538778594E-16 1.763128029291274E-15 1.317373435702441E+00 2.049964813076731E+00 2.925770495346078E-14 -1.795288267918506E-14 4.999434579832827E-15 -2.049964813076745E+00 -3.199999999999970E+00 -1.549492713813151E-14 -0.000000000000000E+00 3.200000000000005E+00 5.668985225545470E+00 3.963777272683619E-14 -5.668985225545514E+00 -1.420157660291981E+01 1.420157660291980E+01 3.130301487319954E-15 
% s collocation differentation matrix
-1.050000000000001E+01 1.761307352762553E-14 -2.091055328626704E-14 1.074009705551119E-14 -3.787428247034589E-15 1.548546511440851E-15 2.849225608570323E-15 1.420157660291980E+01 2.402853257073836E-14 -9.046459762694025E-15 -2.473454772990340E-15 1.763128029291274E-15 -8.224219147600100E-15 -5.668985225545503E+00 -4.571516398978253E-15 1.150106546635293E-14 4.049646169871728E-15 6.595807197795958E-15 3.199999999999993E+00 -5.931651795065970E-15 -6.313561316138298E-15 -6.432901237690364E-15 -2.049964813076739E+00 4.742498576158764E-15 3.298241652039799E-15 1.317373435702432E+00 -3.747216181513456E-15 -4.999999999999997E-01 
-1.655262361973611E+00 -7.125074416831670E+00 -8.262240580904131E-01 5.719017095285418E-01 -4.010453740426739E-01 2.752184182584982E-01 -1.077263792605203E-01 4.384712827957415E+00 1.033663482987604E+01 -9.459224280501584E-01 2.682264060356816E-01 -1.001590615422886E-01 2.041089894500592E-02 -3.690760330301430E+00 -4.496281557246649E+00 4.951104840739164E-01 -9.869462071486186E-02 2.857613168760139E-02 3.117477922832165E+00 2.344788531765865E+00 -2.755995418767840E-01 1.942963420565308E-02 -2.589139777647824E+00 -1.167291801379800E+00 1.307651838518002E-01 1.985656364247199E+00 3.442497157087375E-01 -8.439773500154535E-01 
8.879307931334920E-01 -2.239206757119451E+00 -6.506027930532847E+00 -6.021964153822148E-01 4.818005955586887E-01 -3.238166427460547E-01 1.378801238513636E-01 -1.027593665809476E+00 6.769317312562307E+00 8.624435201174308E+00 -1.042191731137150E+00 2.414733892043802E-01 -7.325463390614133E-02 -4.828334851803289E-01 -6.396936411823853E+00 -3.257663464174979E+00 5.537569672403951E-01 -3.922367444907986E-02 1.685936367970129E+00 5.188391659139166E+00 1.143304170242393E+00 -2.517828114618689E-01 -2.452781655413906E+00 -3.456170951798919E+00 -7.077242720410724E-02 2.610816436610340E+00 1.242432810805065E+00 -1.345023169351653E+00 
-4.479014360637970E-01 1.303958192350689E+00 -2.375448407172254E+00 -6.332485761641191E+00 -3.684791665835020E-01 3.964137210818642E-01 -1.354014360637949E-01 8.302583013530530E-02 -1.115917887192770E+00 7.645246843682708E+00 7.645246843682702E+00 -1.115917887192766E+00 8.302583013530533E-02 4.965325549547190E-01 -2.036073753681070E+00 -6.876792247865396E+00 -2.036073753681073E+00 4.965325549547203E-01 -1.406193332921818E-02 4.398843139842464E+00 4.398843139842465E+00 -1.406193332921925E-02 -1.162890865095707E+00 -4.745245254807417E+00 -1.162890865095709E+00 2.281949355188881E+00 2.281949355188870E+00 -1.571924772245810E+00 
3.639795247939370E-01 -9.402074782636334E-01 1.548242499565065E+00 -2.868894502468212E+00 -6.506027930532848E+00 -2.340247394947620E-02 2.626741276181500E-01 -7.325463390613723E-02 2.414733892043807E-01 -1.042191731137148E+00 8.624435201174306E+00 6.769317312562308E+00 -1.027593665809477E+00 -3.922367444908535E-02 5.537569672403929E-01 -3.257663464174980E+00 -6.396936411823856E+00 -4.828334851803283E-01 -2.517828114618659E-01 1.143304170242398E+00 5.188391659139167E+00 1.685936367970130E+00 -7.077242720410995E-02 -3.456170951798925E+00 -2.452781655413912E+00 1.242432810805075E+00 2.610816436610335E+00 -1.345023169351653E+00 
-3.343382496559668E-01 8.774655978942831E-01 -1.362385171331387E+00 2.170508397626901E+00 -4.282052272384689E+00 -7.125074416831681E+00 7.876636522706845E-01 2.041089894500703E-02 -1.001590615422828E-01 2.682264060356767E-01 -9.459224280501504E-01 1.033663482987604E+01 4.384712827957418E+00 2.857613168759934E-02 -9.869462071486626E-02 4.951104840739194E-01 -4.496281557246654E+00 -3.690760330301427E+00 1.942963420565305E-02 -2.755995418767874E-01 2.344788531765866E+00 3.117477922832163E+00 1.307651838518055E-01 -1.167291801379791E+00 -2.589139777647830E+00 3.442497157087397E-01 1.985656364247194E+00 -8.439773500154530E-01 
5.000000000000026E-01 -1.317373435702426E+00 2.049964813076729E+00 -3.200000000000004E+00 5.668985225545494E+00 -1.420157660291981E+01 -1.109811474113187E-14 -4.343688217711042E-15 -9.425307749587913E-15 -2.757016308630560E-14 2.164015233922598E-15 -2.821004846866038E-14 1.420157660291982E+01 8.441530485588151E-16 -2.742909839386954E-15 8.976441339592531E-15 -9.614297268909282E-15 -5.668985225545494E+00 -6.269820698855186E-15 -2.033709186879761E-14 -1.365549976869347E-14 3.199999999999990E+00 3.914757906697357E-15 4.573711734472559E-15 -2.049964813076739E+00 -4.624912169948975E-15 1.317373435702424E+00 -4.999999999999988E-01 
-2.442926014244302E+00 1.144849779295659E-14 -3.646733256053810E-15 9.476556225451046E-16 3.143384305567415E-15 -1.387239583165762E-15 9.148905734652593E-16 1.013527250799243E-14 -9.674073376240739E-15 7.538716468911687E-15 -7.753237621947063E-15 2.203910036614092E-15 -5.927365151423495E-16 3.455828214294287E+00 -3.657213119182597E-15 1.507761631259683E-15 1.075608472546281E-15 -1.570430285189514E-16 -1.598606688098366E+00 9.684329461332195E-16 -3.931676080381390E-16 -1.148732363873279E-16 9.613397972887109E-01 0.000000000000000E+00 3.028997435546754E-16 -6.022471796357854E-01 6.420055695599977E-16 2.266118703954460E-01 
5.517000562263988E-01 -1.554401666328816E+00 -3.692128423999679E-01 1.896527659734802E-01 -1.456346499093817E-01 1.094119850117935E-01 -4.768823798974216E-02 -9.201040534747410E-01 -5.151499637263729E-01 -1.922050612666522E-01 1.352424016079724E-01 -6.856554389690994E-02 2.371327225942822E-02 1.176961681655654E+00 3.209748551194648E+00 -1.206297624012173E-01 8.965120381033131E-04 4.395998819364866E-04 -1.098244520847074E+00 -1.432336019241389E+00 9.935195321043007E-02 9.133602269951317E-04 9.850637427480613E-01 6.956394087831180E-01 -6.178154481498875E-02 -8.000787078144378E-01 -2.074823808480133E-01 3.547796641416830E-01 
-4.126642867882285E-01 8.314554907379844E-01 -1.249386781447321E+00 -4.515473135540345E-01 2.067986037993629E-01 -1.517572906920543E-01 5.997042058654056E-02 4.977110615947808E-01 -1.638012969082959E+00 -5.856917240018538E-01 -8.630623039430688E-02 1.156755598906549E-01 -2.257939151133504E-02 -1.791233795562390E-01 2.272433646674200E+00 2.840099123499080E+00 -2.121587694560595E-01 -1.538938367571996E-02 -3.038599626285072E-01 -2.076178220791594E+00 -9.736740982471929E-01 1.391245285700370E-01 6.967322107608562E-01 1.520177827961115E+00 1.502988750901078E-01 -8.866398882547021E-01 -5.887202673933676E-01 5.032126083107517E-01 
3.439687198531337E-01 -7.662466630288708E-01 9.300581009899105E-01 -1.222646872949855E+00 -5.308103325983821E-01 1.796813309406633E-01 -9.170630302052150E-02 -2.574879653447455E-01 9.428170018018728E-01 -2.195302045856696E+00 -4.852705167258333E-01 1.629212720258525E-01 7.785891021506731E-02 -7.511743740332266E-02 -1.399355367699567E-01 2.831266998972757E+00 2.428871847371668E+00 -2.728127586918871E-01 1.493598178904560E-01 -9.999758508213294E-01 -2.141285195777808E+00 -2.957959773531284E-01 1.488840798680414E-01 1.567423540096312E+00 7.067215742584229E-01 -6.032786305223261E-01 -9.068263886591402E-01 5.146652812396451E-01 
-4.024679021314260E-01 9.094906928262320E-01 -1.130698392657445E+00 1.287897286820554E+00 -1.546174524055619E+00 -6.342976128540733E-01 -1.687041478758744E-16 2.311956531074418E-01 -7.642049526800281E-01 1.567578420849364E+00 -3.401953612461299E+00 -7.052512117165095E-15 6.342976128540730E-01 6.222114469692660E-02 -9.845544117232560E-02 -4.488220669796266E-15 3.401953612461296E+00 1.546174524055627E+00 -1.041160485948858E-15 9.845544117232825E-02 -1.567578420849360E+00 -1.287897286820556E+00 -6.222114469692514E-02 7.642049526800212E-01 1.130698392657445E+00 -2.311956531074427E-01 -9.094906928262275E-01 4.024679021314240E-01 
8.439773500154518E-01 -1.985656364247200E+00 2.589139777647824E+00 -3.117477922832157E+00 3.690760330301422E+00 -4.384712827957422E+00 -7.876636522706943E-01 -3.442497157087470E-01 1.167291801379797E+00 -2.344788531765868E+00 4.496281557246642E+00 -1.033663482987604E+01 7.125074416831692E+00 -1.307651838517943E-01 2.755995418767787E-01 -4.951104840739160E-01 9.459224280501581E-01 4.282052272384695E+00 -1.942963420565851E-02 9.869462071486700E-02 -2.682264060356889E-01 -2.170508397626910E+00 -2.857613168759498E-02 1.001590615422855E-01 1.362385171331391E+00 -2.041089894501002E-02 -8.774655978942806E-01 3.343382496559684E-01 
6.252566655153436E-01 -1.403541796732659E-15 1.642065446049464E-15 -2.527081660120279E-15 2.038585893395117E-15 -1.500154432958324E-15 7.310513074621223E-16 -2.215804283169970E+00 -5.221065467800519E-15 3.877054184011725E-15 -2.218650510459616E-15 1.763128029291274E-15 -7.147699989141079E-16 1.899344359257334E-15 -4.571516398978246E-16 2.805137918622666E-16 -1.361055336684663E-15 5.496505998163298E-16 2.266698087085999E+00 -1.089487064399872E-15 2.445255664283064E-16 2.584647818714878E-16 -1.066441904006373E+00 -6.586803577998284E-17 -6.731105412326121E-17 6.163908355175797E-01 -5.764947971559163E-16 -2.260994009425754E-01 
-3.209579837677065E-01 4.198521513797152E-01 9.368937913564677E-02 -8.063985275377227E-03 -9.989363497566224E-03 2.018650040444162E-02 -1.145267292889296E-02 6.517741597973206E-01 -1.800934241108813E+00 -1.564382006974691E-01 6.510697498621414E-02 -4.724571213519856E-02 1.455836312895472E-02 -7.185764488489379E-01 -1.004212072760104E-01 8.832124526321717E-03 2.630175257413642E-02 1.414795222066417E-03 7.710995593958195E-01 2.108995815462386E+00 -7.222323268610431E-02 -1.023528932041929E-02 -7.232594971905463E-01 -8.271414419112154E-01 5.972805372760353E-02 6.144893723368150E-01 2.349085738334092E-01 -2.839982992665919E-01 
3.664137459237414E-01 -5.487742413505640E-01 3.170898270777218E-01 1.489387502073245E-01 -2.156283835892659E-02 1.747528525458999E-02 3.327220694218634E-16 -5.662495266051534E-01 1.303114435099503E+00 -1.835627635179340E+00 -1.904351165417197E-01 8.815640146456369E-16 -1.747528525459085E-02 3.386526654366481E-01 -1.645192518637620E+00 4.207706877933999E-15 1.904351165417179E-01 2.156283835892800E-02 -8.860940305947726E-17 1.645192518637620E+00 1.835627635179338E+00 -1.489387502073247E-01 -3.386526654366475E-01 -1.303114435099502E+00 -3.170898270777205E-01 5.662495266051534E-01 5.487742413505604E-01 -3.664137459237408E-01 
-5.146652812396459E-01 9.068263886591458E-01 -7.067215742584240E-01 2.957959773531305E-01 2.728127586918866E-01 -7.785891021506729E-02 9.170630302052127E-02 6.032786305223258E-01 -1.567423540096316E+00 2.141285195777810E+00 -2.428871847371673E+00 -1.629212720258541E-01 -1.796813309406620E-01 -1.488840798680428E-01 9.999758508213300E-01 -2.831266998972761E+00 4.852705167258402E-01 5.308103325983810E-01 -1.493598178904556E-01 1.399355367699564E-01 2.195302045856697E+00 1.222646872949853E+00 7.511743740332215E-02 -9.428170018018711E-01 -9.300581009899107E-01 2.574879653447469E-01 7.662466630288677E-01 -3.439687198531330E-01 
1.345023169351654E+00 -2.610816436610343E+00 2.452781655413909E+00 -1.685936367970128E+00 4.828334851803237E-01 1.027593665809477E+00 -2.626741276181497E-01 -1.242432810805074E+00 3.456170951798927E+00 -5.188391659139168E+00 6.396936411823848E+00 -6.769317312562303E+00 2.340247394947993E-02 7.077242720410978E-02 -1.143304170242406E+00 3.257663464174991E+00 -8.624435201174297E+00 6.506027930532849E+00 2.517828114618685E-01 -5.537569672403970E-01 1.042191731137133E+00 2.868894502468210E+00 3.922367444908323E-02 -2.414733892043738E-01 -1.548242499565059E+00 7.325463390613803E-02 9.402074782636282E-01 -3.639795247939355E-01 
-3.125000000000016E-01 7.705719668336169E-16 -1.829361517015190E-16 1.263540830060139E-15 -8.857510042788235E-17 -3.226138565501773E-16 2.249388638344992E-16 9.075444712688204E-01 9.072609788133427E-16 -1.723135192894100E-15 -1.078389341675469E-15 7.713685128149323E-16 -9.261508049099212E-17 -2.006969240588754E+00 -9.143032797956502E-16 1.683082751173600E-15 -1.255822752816000E-15 -7.852151425947568E-16 4.484994327838656E-16 1.331595300933177E-15 1.743364179261224E-15 4.594929455493117E-16 2.006969240588752E+00 2.634721431199314E-16 -2.692442164930448E-16 -9.075444712688215E-01 5.764947971559163E-16 3.125000000000011E-01 
2.839982992665920E-01 -2.349085738334114E-01 -5.972805372760244E-02 1.023528932041929E-02 -1.414795222065664E-03 -1.455836312895501E-02 1.145267292889291E-02 -6.144893723368140E-01 8.271414419112154E-01 7.222323268610738E-02 -2.630175257413660E-02 4.724571213519857E-02 -2.018650040444079E-02 7.232594971905468E-01 -2.108995815462388E+00 -8.832124526321648E-03 -6.510697498621447E-02 9.989363497565205E-03 -7.710995593958204E-01 1.004212072760130E-01 1.564382006974671E-01 8.063985275379104E-03 7.185764488489382E-01 1.800934241108812E+00 -9.368937913564829E-02 -6.517741597973216E-01 -4.198521513797115E-01 3.209579837677066E-01 
-5.032126083107525E-01 5.887202673933726E-01 -1.502988750901090E-01 -1.391245285700357E-01 1.538938367571840E-02 2.257939151133583E-02 -5.997042058654101E-02 8.866398882547019E-01 -1.520177827961117E+00 9.736740982471916E-01 2.121587694560608E-01 -1.156755598906566E-01 1.517572906920545E-01 -6.967322107608577E-01 2.076178220791597E+00 -2.840099123499081E+00 8.630623039430625E-02 -2.067986037993635E-01 3.038599626285085E-01 -2.272433646674201E+00 5.856917240018475E-01 4.515473135540354E-01 1.791233795562387E-01 1.638012969082957E+00 1.249386781447322E+00 -4.977110615947811E-01 -8.314554907379813E-01 4.126642867882278E-01 
1.571924772245815E+00 -2.281949355188886E+00 1.162890865095715E+00 1.406193332921526E-02 -4.965325549547194E-01 -8.302583013530390E-02 1.354014360637949E-01 -2.281949355188880E+00 4.745245254807427E+00 -4.398843139842473E+00 2.036073753681080E+00 1.115917887192764E+00 -3.964137210818628E-01 1.162890865095711E+00 -4.398843139842481E+00 6.876792247865407E+00 -7.645246843682705E+00 3.684791665834993E-01 1.406193332921544E-02 2.036073753681076E+00 -7.645246843682710E+00 6.332485761641188E+00 -4.965325549547192E-01 1.115917887192758E+00 2.375448407172259E+00 -8.302583013530673E-02 -1.303958192350683E+00 4.479014360637968E-01 
2.260994009425756E-01 -1.541143933667234E-15 -1.212307812569782E-16 -6.317704150300697E-16 -2.283738020347344E-16 -1.032364340960567E-15 5.061124436276231E-16 -6.163908355175803E-01 -1.178421491094799E-15 8.615675964470499E-16 -5.826330722337433E-16 -2.203910036614092E-16 -1.259565094677493E-15 1.066441904006376E+00 1.371454919693473E-15 5.610275837245332E-16 -6.441909527133589E-16 1.894331531509851E-15 -2.266698087086002E+00 -1.936865892266439E-15 8.938090556001088E-16 -2.182591491359231E-15 5.661868062276116E-15 3.952082146798970E-16 1.750087407204791E-15 2.215804283169972E+00 -1.912914554199177E-15 -6.252566655153443E-01 
-3.547796641416830E-01 2.074823808480167E-01 6.178154481498779E-02 -9.133602269946379E-04 -4.395998819379893E-04 -2.371327225942587E-02 4.768823798974110E-02 8.000787078144371E-01 -6.956394087831198E-01 -9.935195321043157E-02 -8.965120381029109E-04 6.856554389690711E-02 -1.094119850117915E-01 -9.850637427480632E-01 1.432336019241393E+00 1.206297624012156E-01 -1.352424016079692E-01 1.456346499093806E-01 1.098244520847076E+00 -3.209748551194653E+00 1.922050612666479E-01 -1.896527659734797E-01 -1.176961681655653E+00 5.151499637263814E-01 3.692128423999697E-01 9.201040534747428E-01 1.554401666328806E+00 -5.517000562263976E-01 
1.345023169351655E+00 -1.242432810805077E+00 7.077242720411293E-02 2.517828114618623E-01 3.922367444908691E-02 7.325463390613565E-02 -1.378801238513601E-01 -2.610816436610340E+00 3.456170951798924E+00 -1.143304170242394E+00 -5.537569672403898E-01 -2.414733892043781E-01 3.238166427460508E-01 2.452781655413910E+00 -5.188391659139165E+00 3.257663464174977E+00 1.042191731137138E+00 -4.818005955586845E-01 -1.685936367970132E+00 6.396936411823845E+00 -8.624435201174293E+00 6.021964153822122E-01 4.828334851803308E-01 -6.769317312562295E+00 6.506027930532853E+00 1.027593665809476E+00 2.239206757119438E+00 -8.879307931334924E-01 
-2.266118703954465E-01 0.000000000000000E+00 -1.518654705160383E-15 -1.263540830060139E-15 -9.519243896941333E-16 -2.580910852401418E-16 1.405867898965620E-16 6.022471796357853E-01 1.241574251545977E-15 -1.292351394670575E-15 -3.289795394932995E-15 -8.815640146456369E-16 -2.130146851292819E-16 -9.613397972887124E-01 2.044034118065735E-30 -2.524624126760400E-15 -2.307431344538228E-15 0.000000000000000E+00 1.598606688098366E+00 -1.936865892266439E-15 3.264254497592978E-15 8.041126547112955E-16 -3.455828214294276E+00 0.000000000000000E+00 -5.205096527034373E-16 -1.942369849760753E-14 1.781893009391014E-15 2.442926014244301E+00 
8.439773500154576E-01 -3.442497157087431E-01 -1.307651838517978E-01 -1.942963420565826E-02 -2.857613168759429E-02 -2.041089894500990E-02 1.077263792605217E-01 -1.985656364247204E+00 1.167291801379795E+00 2.755995418767773E-01 9.869462071486651E-02 1.001590615422816E-01 -2.752184182584915E-01 2.589139777647835E+00 -2.344788531765868E+00 -4.951104840739104E-01 -2.682264060356857E-01 4.010453740426693E-01 -3.117477922832170E+00 4.496281557246662E+00 9.459224280501585E-01 -5.719017095285320E-01 3.690760330301428E+00 -1.033663482987604E+01 8.262240580904068E-01 -4.384712827957428E+00 7.125074416831668E+00 1.655262361973612E+00 
4.999999999999941E-01 -3.522614705525106E-15 1.166431451625515E-14 7.581244980360837E-15 7.205606308121309E-15 -1.032364340960567E-15 -2.361858070262241E-15 -1.317373435702424E+00 8.182608167815278E-15 8.615675964470500E-15 1.151115727197626E-14 -0.000000000000000E+00 7.612959616359551E-15 2.049964813076729E+00 -2.194327871509557E-14 -6.732331004694399E-15 -7.474434741960791E-15 -1.193527016744030E-14 -3.199999999999986E+00 2.324239070719727E-14 1.624811802973317E-14 1.332529542093004E-14 5.668985225545485E+00 -4.215554289918902E-15 -7.538838061805256E-15 -1.420157660291982E+01 5.450496264019573E-15 1.050000000000002E+01 
% FaceNodes
0 1 2 3 4 5 6 
6 12 17 21 24 26 27 
0 7 13 18 22 25 27 
% LIFT matrix
1.749999999999998E+01 1.420157660291982E+01 -5.668985225545483E+00 3.199999999999993E+00 -2.049964813076722E+00 1.317373435702455E+00 -4.999999999999946E-01 6.666666666666667E-01 3.875564663061935E+00 6.044435336938100E+00 6.826666666666663E+00 6.044435336938077E+00 3.875564663061941E+00 6.666666666666669E-01 1.749999999999999E+01 1.420157660291988E+01 -5.668985225545499E+00 3.199999999999991E+00 -2.049964813076732E+00 1.317373435702432E+00 -4.999999999999971E-01 
2.442926014244284E+00 2.100000000000001E+01 5.840604097733579E+00 -1.925512738508282E+00 1.028072421514266E+00 -6.127016653792414E-01 2.266118703954508E-01 -2.572641032545198E-01 -1.624995011332064E+00 -2.644902891353603E+00 -2.083798642625273E+00 5.424161294452501E-01 2.498625066348859E+00 6.666662301245075E-01 1.273890250899408E+00 -5.389033800097614E+00 1.514049320869584E+00 -3.599055929826888E-01 4.925438798976129E-02 2.698577024508601E-02 -1.849355957042254E-02 
-6.252566655153445E-01 3.744872364467621E+00 2.100000000000002E+01 4.834603647599211E+00 -1.387298334620720E+00 6.591783890118570E-01 -2.260994009425735E-01 1.609480712394291E-01 1.355369965371521E+00 2.365682720547697E+00 7.654186078185564E-02 -2.648832706064250E+00 3.487735795531937E-01 6.662573345232269E-01 -4.208749952429205E-01 2.734989018328910E+00 1.122574773146348E+00 -2.156754479669247E+00 1.815659853872615E+00 -1.254444877096669E+00 4.835915326136475E-01 
3.125000000000012E-01 -1.093132196431391E+00 4.280632196431405E+00 2.100000000000001E+01 4.280632196431409E+00 -1.093132196431388E+00 3.125000000000008E-01 -7.031249999999790E-02 -1.405080422639710E+00 -2.483225214348606E+00 2.250000000000004E+00 1.172193321929309E-02 -1.139041296230993E+00 6.484375000000008E-01 -7.031249999999989E-02 -1.405080422639719E+00 -2.483225214348608E+00 2.250000000000002E+00 1.172193321929213E-02 -1.139041296230987E+00 6.484375000000013E-01 
-2.260994009425741E-01 6.591783890118564E-01 -1.387298334620719E+00 4.834603647599213E+00 2.100000000000001E+01 3.744872364467615E+00 -6.252566655153431E-01 -4.208749952429215E-01 2.734989018328901E+00 1.122574773146347E+00 -2.156754479669244E+00 1.815659853872615E+00 -1.254444877096673E+00 4.835915326136470E-01 1.609480712394303E-01 1.355369965371526E+00 2.365682720547701E+00 7.654186078186097E-02 -2.648832706064254E+00 3.487735795531896E-01 6.662573345232270E-01 
2.266118703954511E-01 -6.127016653792435E-01 1.028072421514267E+00 -1.925512738508283E+00 5.840604097733571E+00 2.100000000000001E+01 2.442926014244285E+00 1.273890250899401E+00 -5.389033800097601E+00 1.514049320869582E+00 -3.599055929826943E-01 4.925438798976568E-02 2.698577024508222E-02 -1.849355957042152E-02 -2.572641032545218E-01 -1.624995011332068E+00 -2.644902891353609E+00 -2.083798642625279E+00 5.424161294452492E-01 2.498625066348841E+00 6.666662301245052E-01 
