% degree N
1
% number of nodes
3
% node coordinates
-1.000000000000000E+00 -1.000000000000000E+00
1.000000000000000E+00 -1.000000000000000E+00
-1.000000000000000E+00 1.000000000000000E+00
% r collocation differentation matrix
-5.000000000000000E-01 5.000000000000000E-01 0.000000000000000E+00 
-5.000000000000000E-01 5.000000000000000E-01 0.000000000000000E+00 
-5.000000000000000E-01 5.000000000000000E-01 0.000000000000000E+00 
% s collocation differentation matrix
-4.999999999999999E-01 -3.204937810639274E-17 5.000000000000000E-01 
-5.000000000000001E-01 6.409875621278547E-17 5.000000000000000E-01 
-4.999999999999999E-01 -3.204937810639274E-17 5.000000000000000E-01 
% reference mass matrix
3.333333333333334E-01 1.666666666666667E-01 1.666666666666667E-01 
1.666666666666668E-01 3.333333333333333E-01 1.666666666666667E-01 
1.666666666666667E-01 1.666666666666667E-01 3.333333333333334E-01 
% FaceNodes
0 1 
1 2 
0 2 
% LIFT matrix
2.500000000000000E+00 5.000000000000003E-01 -1.500000000000000E+00 -1.500000000000000E+00 2.500000000000000E+00 4.999999999999999E-01 
5.000000000000003E-01 2.500000000000000E+00 2.500000000000000E+00 4.999999999999999E-01 -1.500000000000000E+00 -1.500000000000000E+00 
-1.500000000000000E+00 -1.500000000000000E+00 5.000000000000001E-01 2.500000000000000E+00 5.000000000000001E-01 2.500000000000000E+00 
% number of plot nodes
21
% plot node coordinates
-1.000000000000000E+00 -1.000000000000000E+00
-6.000000000000002E-01 -1.000000000000000E+00
-1.999999999999999E-01 -1.000000000000000E+00
1.999999999999999E-01 -1.000000000000000E+00
6.000000000000002E-01 -1.000000000000000E+00
1.000000000000000E+00 -1.000000000000000E+00
-1.000000000000000E+00 -6.000000000000001E-01
-6.000000000000000E-01 -6.000000000000000E-01
-2.000000000000000E-01 -6.000000000000000E-01
1.999999999999999E-01 -6.000000000000001E-01
6.000000000000003E-01 -6.000000000000001E-01
-1.000000000000000E+00 -1.999999999999999E-01
-6.000000000000000E-01 -1.999999999999999E-01
-2.000000000000000E-01 -2.000000000000000E-01
1.999999999999999E-01 -1.999999999999999E-01
-1.000000000000000E+00 1.999999999999999E-01
-6.000000000000000E-01 1.999999999999999E-01
-1.999999999999999E-01 1.999999999999999E-01
-1.000000000000000E+00 6.000000000000002E-01
-6.000000000000001E-01 6.000000000000002E-01
-1.000000000000000E+00 1.000000000000000E+00
% plot node interpolation matrix
1.000000000000000E+00 0.000000000000000E+00 0.000000000000000E+00 
8.000000000000002E-01 1.999999999999999E-01 0.000000000000000E+00 
6.000000000000000E-01 4.000000000000000E-01 0.000000000000000E+00 
4.000000000000000E-01 6.000000000000000E-01 0.000000000000000E+00 
2.000000000000000E-01 8.000000000000000E-01 0.000000000000000E+00 
0.000000000000000E+00 1.000000000000000E+00 0.000000000000000E+00 
8.000000000000002E-01 -1.281975124255709E-16 2.000000000000000E-01 
6.000000000000000E-01 2.000000000000000E-01 2.000000000000000E-01 
4.000000000000000E-01 4.000000000000000E-01 2.000000000000000E-01 
2.000000000000001E-01 6.000000000000000E-01 2.000000000000000E-01 
-2.220446049250313E-16 8.000000000000003E-01 2.000000000000000E-01 
5.999999999999999E-01 -3.204937810639274E-17 4.000000000000001E-01 
3.999999999999999E-01 2.000000000000000E-01 4.000000000000001E-01 
2.000000000000000E-01 4.000000000000001E-01 4.000000000000000E-01 
-1.110223024625157E-16 6.000000000000000E-01 4.000000000000001E-01 
4.000000000000000E-01 0.000000000000000E+00 6.000000000000000E-01 
2.000000000000000E-01 2.000000000000000E-01 6.000000000000000E-01 
-5.551115123125783E-17 4.000000000000001E-01 6.000000000000000E-01 
1.999999999999999E-01 -6.409875621278547E-17 8.000000000000002E-01 
-2.775557561562891E-17 1.999999999999999E-01 8.000000000000002E-01 
0.000000000000000E+00 0.000000000000000E+00 1.000000000000000E+00 
% number of plot elements
25
% number of vertices per plot elements
3
% triangulation of plot nodes
10 11 15
20 19 17
18 17 14
14 13 9
1 2 7
3 8 2
3 9 8
8 12 7
2 8 7
9 10 14
13 16 12
13 17 16
8 13 12
17 19 16
14 17 13
19 20 21
11 10 5
15 14 10
17 18 20
14 15 18
8 9 13
3 4 9
10 9 4
11 5 6
10 4 5
% number of volume cubature nodes
6
% cubature node coordinates and weights
-8.168475729804580E-01 -8.168475729804580E-01 2.199034873106440E-01
6.336951459609170E-01 -8.168475729804590E-01 2.199034873106440E-01
-8.168475729804590E-01 6.336951459609170E-01 2.199034873106440E-01
-1.081030181680700E-01 -1.081030181680700E-01 4.467631793560230E-01
-7.837939636638600E-01 -1.081030181680700E-01 4.467631793560230E-01
-1.081030181680700E-01 -7.837939636638600E-01 4.467631793560230E-01
% cubature interpolation matrix
8.168475729804580E-01 9.157621350977103E-02 9.157621350977101E-02 
9.157621350977085E-02 8.168475729804586E-01 9.157621350977048E-02 
9.157621350977102E-02 9.157621350977058E-02 8.168475729804584E-01 
1.081030181680699E-01 4.459484909159651E-01 4.459484909159650E-01 
4.459484909159650E-01 1.081030181680700E-01 4.459484909159650E-01 
4.459484909159649E-01 4.459484909159651E-01 1.081030181680700E-01 
% cubature r weak differentiation matrix
-6.597104619319318E-01 -6.597104619319318E-01 -6.597104619319318E-01 -1.340289538068069E+00 -1.340289538068069E+00 -1.340289538068069E+00 
6.597104619319318E-01 6.597104619319318E-01 6.597104619319318E-01 1.340289538068069E+00 1.340289538068069E+00 1.340289538068069E+00 
0.000000000000000E+00 0.000000000000000E+00 0.000000000000000E+00 0.000000000000000E+00 0.000000000000000E+00 0.000000000000000E+00 
% cubature s weak differentiation matrix
-6.597104619319318E-01 -6.597104619319319E-01 -6.597104619319319E-01 -1.340289538068069E+00 -1.340289538068069E+00 -1.340289538068069E+00 
-8.050865154063235E-17 4.635120867056462E-17 -3.822203147023336E-17 9.416864464456167E-17 -7.765314006578233E-17 -7.765314006578233E-17 
6.597104619319319E-01 6.597104619319319E-01 6.597104619319319E-01 1.340289538068069E+00 1.340289538068069E+00 1.340289538068069E+00 
% cubature projection matrix
7.479105484318648E-01 -2.090276587329495E-01 -2.090276587329495E-01 -3.803660804655413E-01 5.252554247497878E-01 5.252554247497879E-01 
-2.090276587329494E-01 7.479105484318657E-01 -2.090276587329501E-01 5.252554247497878E-01 -3.803660804655413E-01 5.252554247497879E-01 
-2.090276587329495E-01 -2.090276587329502E-01 7.479105484318657E-01 5.252554247497879E-01 5.252554247497879E-01 -3.803660804655413E-01 
% number of surface integration nodes per face
3
% surface integration interpolation matrix
8.872983346207417E-01 1.127016653792584E-01 
5.000000000000000E-01 5.000000000000000E-01 
1.127016653792582E-01 8.872983346207418E-01 
8.872983346207417E-01 1.127016653792584E-01 
5.000000000000001E-01 5.000000000000000E-01 
1.127016653792584E-01 8.872983346207417E-01 
1.127016653792584E-01 8.872983346207416E-01 
5.000000000000000E-01 5.000000000000000E-01 
8.872983346207417E-01 1.127016653792583E-01 
% surface integration lift matrix
2.124327782069140E+00 1.333333333333333E+00 -4.576611154024727E-01 -8.333333333333337E-01 -1.333333333333333E+00 -8.333333333333338E-01 -4.576611154024722E-01 1.333333333333333E+00 2.124327782069140E+00 
-4.576611154024722E-01 1.333333333333333E+00 2.124327782069141E+00 2.124327782069140E+00 1.333333333333333E+00 -4.576611154024723E-01 -8.333333333333337E-01 -1.333333333333333E+00 -8.333333333333335E-01 
-8.333333333333337E-01 -1.333333333333333E+00 -8.333333333333337E-01 -4.576611154024722E-01 1.333333333333333E+00 2.124327782069140E+00 2.124327782069139E+00 1.333333333333333E+00 -4.576611154024726E-01 
% Bernstein VDM matrix
1.000000000000000E+00 0.000000000000000E+00 0.000000000000000E+00 
-0.000000000000000E+00 1.000000000000000E+00 0.000000000000000E+00 
-0.000000000000000E+00 0.000000000000000E+00 1.000000000000000E+00 
% inverse Bernstein VDM matrix
1.000000000000000E+00 0.000000000000000E+00 -0.000000000000000E+00 
0.000000000000000E+00 1.000000000000000E+00 -0.000000000000000E+00 
-0.000000000000000E+00 -0.000000000000000E+00 1.000000000000000E+00 
% sparse BB D1 matrix ids
0 0 0 
0 0 0 
0 0 0 
% sparse BB D2 matrix ids
1 0 0 
1 0 0 
1 0 0 
% sparse BB D3 matrix ids
2 0 0 
2 0 0 
2 0 0 
% sparse BB D1,D2,D3 matrix values
1.000000000000000E+00 0.000000000000000E+00 0.000000000000000E+00 
1.000000000000000E+00 0.000000000000000E+00 0.000000000000000E+00 
1.000000000000000E+00 0.000000000000000E+00 0.000000000000000E+00 
% BB cubature interpolation matrix
8.168475729804580E-01 9.157621350977102E-02 9.157621350977102E-02 
9.157621350977097E-02 8.168475729804585E-01 9.157621350977052E-02 
9.157621350977097E-02 9.157621350977052E-02 8.168475729804585E-01 
1.081030181680700E-01 4.459484909159650E-01 4.459484909159650E-01 
4.459484909159650E-01 1.081030181680700E-01 4.459484909159650E-01 
4.459484909159650E-01 4.459484909159650E-01 1.081030181680700E-01 
% BB cubature projection matrix
7.479105484318650E-01 -2.090276587329497E-01 -2.090276587329496E-01 -3.803660804655416E-01 5.252554247497877E-01 5.252554247497877E-01 
-2.090276587329496E-01 7.479105484318650E-01 -2.090276587329494E-01 5.252554247497880E-01 -3.803660804655407E-01 5.252554247497871E-01 
-2.090276587329495E-01 -2.090276587329494E-01 7.479105484318648E-01 5.252554247497878E-01 5.252554247497870E-01 -3.803660804655406E-01 
% BB L0 values
0.000000000000000E+00 2.500000000000000E+00 5.000000000000000E-01 
5.000000000000000E-01 2.500000000000000E+00 0.000000000000000E+00 
% BB EL ids
0 2 3 4 
1 2 4 5 
0 1 3 5 
% BB EL values
1.000000000000000E+00 -5.000000000000001E-01 -4.999999999999999E-01 1.000000000000000E+00 
1.000000000000000E+00 1.000000000000000E+00 -5.000000000000001E-01 -4.999999999999999E-01 
-5.000000000000001E-01 -4.999999999999999E-01 1.000000000000000E+00 1.000000000000000E+00 
% BB degree raise ids
0 0 
0 1 
1 0 
% BB degree raise values
9.999999999999999E-01 0.000000000000000E+00 
5.000000000000001E-01 5.000000000000000E-01 
1.000000000000000E+00 0.000000000000000E+00 
% BB degree lower matrix
5.000000000000000E-01 5.000000000000000E-01 
% stencil size for IPDG OAS NpP
9
% forward matrix [ change of basis for IPDG OAS precon ]
2.309401076758505E+00 -3.215162628652723E-01 -1.987884813893232E+00 -1.074067506253139E+00 1.074067506253140E+00 -6.802921122399084E-01 6.802921122399089E-01 -1.754359618493049E+00 1.754359618493048E+00 
-3.147571611426779E-01 -3.147571611426779E-01 -3.147571611426786E-01 -2.347382389307856E-01 -2.347382389307855E-01 -2.347382389307855E-01 -2.347382389307854E-01 -2.347382389307853E-01 -2.347382389307859E-01 
2.309401076758499E+00 -6.766569970226201E-01 -1.632744079735883E+00 1.219053103846955E+00 -1.219053103846962E+00 3.903209170522720E-01 -3.903209170522727E-01 1.609374020899237E+00 -1.609374020899222E+00 
-2.625931080469500E-01 -2.625931080469487E-01 -2.625931080469494E-01 2.347382389307866E-01 2.347382389307868E-01 2.347382389307874E-01 2.347382389307863E-01 2.347382389307857E-01 2.347382389307880E-01 
-9.534970890440500E-16 -2.148642945325856E+00 2.148642945325859E+00 -8.771798092465236E-01 8.771798092465252E-01 1.754359618493047E+00 -1.754359618493047E+00 8.771798092465222E-01 -8.771798092465218E-01 
-9.233224285860494E-16 1.632672562892267E-15 7.386768935010556E-16 -1.154700538379253E+00 1.154700538379255E+00 -1.154700538379252E+00 1.154700538379252E+00 1.154700538379250E+00 -1.154700538379251E+00 
5.956176730641597E-16 1.971072578247193E+00 -1.971072578247195E+00 -8.046870104496026E-01 8.046870104496233E-01 1.609374020899220E+00 -1.609374020899240E+00 8.046870104496142E-01 -8.046870104496143E-01 
-1.491301390646253E-16 1.249898583169389E-15 -9.750604739222095E-16 -6.645698792191553E-01 -6.645698792191520E-01 7.604940197667562E-01 7.604940197667542E-01 -9.592414054760055E-02 -9.592414054760229E-02 
4.057074889686237E-16 3.770551983711523E-15 -4.351131168781331E-15 -1.751015621141220E-01 -1.751015621141188E-01 -6.249811684358858E-01 -6.249811684358927E-01 8.000827305500113E-01 8.000827305500087E-01 
% diagOp 
1.126598632371091E+01 
1.762672930980149E+00 
4.734013676289100E+00 
6.681771513464288E+00 
1.126598632371090E+01 
8.000000000000004E+00 
4.734013676289094E+00 
4.444444444444441E+00 
4.444444444444441E+00 
% backward matrix [ reverse change of basis for IPDG OAS precon ]
1.000000000000000E+00 -9.999999999999983E-01 1.000000000000000E+00 -1.000000000000000E+00 3.877723273317610E-01 -5.747664349447980E-17 -2.425296494062842E-01 -7.648347335475779E-15 -8.232987664575944E-15 
-4.999999999999996E-01 -1.000000000000000E+00 -5.000000000000011E-01 -9.999999999999906E-01 -1.000000000000000E+00 1.170557397173790E-16 1.000000000000000E+00 1.654952336535441E-14 5.708483796346394E-15 
-5.000000000000001E-01 -9.999999999999987E-01 -4.999999999999996E-01 -9.999999999999907E-01 6.122276726682390E-01 -1.146858335472028E-15 -7.574703505937151E-01 -8.577431594188301E-15 2.485164233802066E-15 
-6.123724356957934E-01 -7.457756896732844E-01 6.123724356957937E-01 8.939238378214236E-01 -5.665556801862487E-01 -9.999999999999977E-01 -5.072606052207752E-01 -1.000000000000000E+00 -6.009682519666656E-01 
6.123724356957939E-01 -7.457756896732816E-01 -6.123724356957935E-01 8.939238378214297E-01 5.665556801862495E-01 1.000000000000000E+00 5.072606052207792E-01 -9.999999999999776E-01 -6.009682519666524E-01 
1.326845481608044E-16 -7.457756896732830E-01 -2.391186376483200E-16 8.939238378214254E-01 6.581891912053434E-01 -9.999999999999976E-01 7.174842661708096E-01 6.843091691243405E-01 -3.990317480333354E-01 
-2.858555336846010E-16 -7.457756896732824E-01 1.354160792271183E-15 8.939238378214275E-01 -6.581891912053438E-01 9.999999999999983E-01 -7.174842661708097E-01 6.843091691243203E-01 -3.990317480333375E-01 
-6.123724356957947E-01 -7.457756896732826E-01 6.123724356957962E-01 8.939238378214243E-01 9.163351101909391E-02 9.999999999999993E-01 2.102236609500290E-01 3.156908308756590E-01 9.999999999999910E-01 
6.123724356957939E-01 -7.457756896732828E-01 -6.123724356957951E-01 8.939238378214273E-01 -9.163351101909405E-02 -9.999999999999979E-01 -2.102236609500337E-01 3.156908308756576E-01 1.000000000000000E+00 
% rotated local ids 
0 1 2 
1 2 0 
2 0 1 
% patch inverse matrix 
9.624987713458014E-01 -1.460137454982792E-01 -1.460137454982794E-01 -1.070270821594530E-01 2.624770901219072E-01 1.142284403557969E-01 1.239130255163971E-01 1.239130255163970E-01 -1.167116673200532E-01 2.624770901219071E-01 -1.070270821594530E-01 1.142284403557969E-01 
-1.460137454982792E-01 9.624987713458013E-01 -1.460137454982792E-01 2.624770901219070E-01 -1.070270821594529E-01 1.142284403557968E-01 -1.070270821594529E-01 2.624770901219071E-01 1.142284403557969E-01 1.239130255163970E-01 1.239130255163970E-01 -1.167116673200531E-01 
-1.460137454982793E-01 -1.460137454982792E-01 9.624987713458016E-01 1.239130255163971E-01 1.239130255163971E-01 -1.167116673200532E-01 2.624770901219071E-01 -1.070270821594529E-01 1.142284403557969E-01 -1.070270821594529E-01 2.624770901219071E-01 1.142284403557968E-01 
-1.070270821594530E-01 2.624770901219071E-01 1.239130255163971E-01 8.233552871152984E-01 -1.658381740962600E-01 -1.352324017617993E-01 7.366906660627527E-03 5.355492819579753E-02 5.721768796807576E-02 7.366906660627522E-03 8.434694255257749E-02 -1.976234792387422E-02 
2.624770901219071E-01 -1.070270821594529E-01 1.239130255163971E-01 -1.658381740962600E-01 8.233552871152985E-01 -1.352324017617993E-01 8.434694255257748E-02 7.366906660627535E-03 -1.976234792387421E-02 5.355492819579752E-02 7.366906660627535E-03 5.721768796807575E-02 
1.142284403557969E-01 1.142284403557968E-01 -1.167116673200532E-01 -1.352324017617993E-01 -1.352324017617992E-01 7.599709188526523E-01 -1.976234792387421E-02 5.721768796807573E-02 -9.829440066848431E-03 5.721768796807572E-02 -1.976234792387422E-02 -9.829440066848417E-03 
1.239130255163971E-01 -1.070270821594529E-01 2.624770901219070E-01 7.366906660627529E-03 8.434694255257752E-02 -1.976234792387421E-02 8.233552871152982E-01 -1.658381740962599E-01 -1.352324017617993E-01 7.366906660627563E-03 5.355492819579748E-02 5.721768796807574E-02 
1.239130255163970E-01 2.624770901219069E-01 -1.070270821594529E-01 5.355492819579746E-02 7.366906660627561E-03 5.721768796807570E-02 -1.658381740962598E-01 8.233552871152979E-01 -1.352324017617992E-01 8.434694255257744E-02 7.366906660627544E-03 -1.976234792387420E-02 
-1.167116673200532E-01 1.142284403557969E-01 1.142284403557969E-01 5.721768796807575E-02 -1.976234792387421E-02 -9.829440066848433E-03 -1.352324017617993E-01 -1.352324017617992E-01 7.599709188526522E-01 -1.976234792387421E-02 5.721768796807575E-02 -9.829440066848433E-03 
2.624770901219071E-01 1.239130255163970E-01 -1.070270821594529E-01 7.366906660627489E-03 5.355492819579755E-02 5.721768796807573E-02 7.366906660627539E-03 8.434694255257745E-02 -1.976234792387421E-02 8.233552871152980E-01 -1.658381740962599E-01 -1.352324017617992E-01 
-1.070270821594528E-01 1.239130255163970E-01 2.624770901219070E-01 8.434694255257748E-02 7.366906660627562E-03 -1.976234792387420E-02 5.355492819579751E-02 7.366906660627558E-03 5.721768796807571E-02 -1.658381740962598E-01 8.233552871152982E-01 -1.352324017617993E-01 
1.142284403557968E-01 -1.167116673200531E-01 1.142284403557969E-01 -1.976234792387421E-02 5.721768796807575E-02 -9.829440066848431E-03 5.721768796807574E-02 -1.976234792387422E-02 -9.829440066848423E-03 -1.352324017617993E-01 -1.352324017617993E-01 7.599709188526523E-01 
