% degree N
1
% number of nodes
3
% node coordinates
-1.000000000000000E+00 -1.000000000000000E+00
1.000000000000000E+00 -1.000000000000000E+00
-1.000000000000000E+00 1.000000000000000E+00
% r collocation differentation matrix
-5.000000000000000E-01 5.000000000000000E-01 0.000000000000000E+00 
-5.000000000000000E-01 5.000000000000000E-01 0.000000000000000E+00 
-5.000000000000000E-01 5.000000000000000E-01 0.000000000000000E+00 
% s collocation differentation matrix
-4.999999999999999E-01 -3.204937810639274E-17 5.000000000000000E-01 
-5.000000000000001E-01 6.409875621278547E-17 5.000000000000000E-01 
-4.999999999999999E-01 -3.204937810639274E-17 5.000000000000000E-01 
% reference mass matrix
3.333333333333334E-01 1.666666666666667E-01 1.666666666666667E-01 
1.666666666666668E-01 3.333333333333333E-01 1.666666666666667E-01 
1.666666666666667E-01 1.666666666666667E-01 3.333333333333334E-01 
% FaceNodes
0 1 
1 2 
0 2 
% LIFT matrix
2.500000000000000E+00 5.000000000000003E-01 -1.500000000000000E+00 -1.500000000000000E+00 2.500000000000000E+00 4.999999999999999E-01 
5.000000000000003E-01 2.500000000000000E+00 2.500000000000000E+00 4.999999999999999E-01 -1.500000000000000E+00 -1.500000000000000E+00 
-1.500000000000000E+00 -1.500000000000000E+00 5.000000000000001E-01 2.500000000000000E+00 5.000000000000001E-01 2.500000000000000E+00 
% number of plot nodes
21
% plot node coordinates
-1.000000000000000E+00 -1.000000000000000E+00
-6.000000000000002E-01 -1.000000000000000E+00
-1.999999999999999E-01 -1.000000000000000E+00
1.999999999999999E-01 -1.000000000000000E+00
6.000000000000002E-01 -1.000000000000000E+00
1.000000000000000E+00 -1.000000000000000E+00
-1.000000000000000E+00 -6.000000000000001E-01
-6.000000000000000E-01 -6.000000000000000E-01
-2.000000000000000E-01 -6.000000000000000E-01
1.999999999999999E-01 -6.000000000000001E-01
6.000000000000003E-01 -6.000000000000001E-01
-1.000000000000000E+00 -1.999999999999999E-01
-6.000000000000000E-01 -1.999999999999999E-01
-2.000000000000000E-01 -2.000000000000000E-01
1.999999999999999E-01 -1.999999999999999E-01
-1.000000000000000E+00 1.999999999999999E-01
-6.000000000000000E-01 1.999999999999999E-01
-1.999999999999999E-01 1.999999999999999E-01
-1.000000000000000E+00 6.000000000000002E-01
-6.000000000000001E-01 6.000000000000002E-01
-1.000000000000000E+00 1.000000000000000E+00
% plot node interpolation matrix
1.000000000000000E+00 0.000000000000000E+00 0.000000000000000E+00 
8.000000000000002E-01 1.999999999999999E-01 0.000000000000000E+00 
6.000000000000000E-01 4.000000000000000E-01 0.000000000000000E+00 
4.000000000000000E-01 6.000000000000000E-01 0.000000000000000E+00 
2.000000000000000E-01 8.000000000000000E-01 0.000000000000000E+00 
0.000000000000000E+00 1.000000000000000E+00 0.000000000000000E+00 
8.000000000000002E-01 -1.281975124255709E-16 2.000000000000000E-01 
6.000000000000000E-01 2.000000000000000E-01 2.000000000000000E-01 
4.000000000000000E-01 4.000000000000000E-01 2.000000000000000E-01 
2.000000000000001E-01 6.000000000000000E-01 2.000000000000000E-01 
-2.220446049250313E-16 8.000000000000003E-01 2.000000000000000E-01 
5.999999999999999E-01 -3.204937810639274E-17 4.000000000000001E-01 
3.999999999999999E-01 2.000000000000000E-01 4.000000000000001E-01 
2.000000000000000E-01 4.000000000000001E-01 4.000000000000000E-01 
-1.110223024625157E-16 6.000000000000000E-01 4.000000000000001E-01 
4.000000000000000E-01 0.000000000000000E+00 6.000000000000000E-01 
2.000000000000000E-01 2.000000000000000E-01 6.000000000000000E-01 
-5.551115123125783E-17 4.000000000000001E-01 6.000000000000000E-01 
1.999999999999999E-01 -6.409875621278547E-17 8.000000000000002E-01 
-2.775557561562891E-17 1.999999999999999E-01 8.000000000000002E-01 
0.000000000000000E+00 0.000000000000000E+00 1.000000000000000E+00 
% number of plot elements
30
% number of vertices per plot elements
3
% triangulation of plot nodes
9 10 14
19 18 16
18 20 6
17 16 13
13 12 8
11 15 6
0 1 6
2 7 1
2 8 7
7 11 6
15 18 6
1 7 6
8 9 13
12 15 11
12 16 15
7 12 11
16 18 15
13 16 12
17 14 19
18 19 20
10 9 4
14 13 9
16 17 19
13 14 17
7 8 12
2 3 8
9 8 3
10 4 5
9 3 4
14 10 19
% number of volume cubature nodes
6
% cubature node coordinates and weights
-8.168475729804580E-01 -8.168475729804580E-01 2.199034873106440E-01
6.336951459609170E-01 -8.168475729804590E-01 2.199034873106440E-01
-8.168475729804590E-01 6.336951459609170E-01 2.199034873106440E-01
-1.081030181680700E-01 -1.081030181680700E-01 4.467631793560230E-01
-7.837939636638600E-01 -1.081030181680700E-01 4.467631793560230E-01
-1.081030181680700E-01 -7.837939636638600E-01 4.467631793560230E-01
% cubature interpolation matrix
8.168475729804580E-01 9.157621350977103E-02 9.157621350977101E-02 
9.157621350977085E-02 8.168475729804586E-01 9.157621350977048E-02 
9.157621350977102E-02 9.157621350977058E-02 8.168475729804584E-01 
1.081030181680699E-01 4.459484909159651E-01 4.459484909159650E-01 
4.459484909159650E-01 1.081030181680700E-01 4.459484909159650E-01 
4.459484909159649E-01 4.459484909159651E-01 1.081030181680700E-01 
% cubature r weak differentiation matrix
-6.597104619319318E-01 -6.597104619319318E-01 -6.597104619319318E-01 -1.340289538068069E+00 -1.340289538068069E+00 -1.340289538068069E+00 
6.597104619319318E-01 6.597104619319318E-01 6.597104619319318E-01 1.340289538068069E+00 1.340289538068069E+00 1.340289538068069E+00 
0.000000000000000E+00 0.000000000000000E+00 0.000000000000000E+00 0.000000000000000E+00 0.000000000000000E+00 0.000000000000000E+00 
% cubature s weak differentiation matrix
-6.597104619319318E-01 -6.597104619319319E-01 -6.597104619319319E-01 -1.340289538068069E+00 -1.340289538068069E+00 -1.340289538068069E+00 
-8.050865154063235E-17 4.635120867056462E-17 -3.822203147023336E-17 9.416864464456167E-17 -7.765314006578233E-17 -7.765314006578233E-17 
6.597104619319319E-01 6.597104619319319E-01 6.597104619319319E-01 1.340289538068069E+00 1.340289538068069E+00 1.340289538068069E+00 
% cubature projection matrix
7.479105484318648E-01 -2.090276587329495E-01 -2.090276587329495E-01 -3.803660804655413E-01 5.252554247497878E-01 5.252554247497879E-01 
-2.090276587329494E-01 7.479105484318657E-01 -2.090276587329501E-01 5.252554247497878E-01 -3.803660804655413E-01 5.252554247497879E-01 
-2.090276587329495E-01 -2.090276587329502E-01 7.479105484318657E-01 5.252554247497879E-01 5.252554247497879E-01 -3.803660804655413E-01 
% number of surface integration nodes per face
3
% surface integration interpolation matrix
8.872983346207417E-01 1.127016653792584E-01 
5.000000000000000E-01 5.000000000000000E-01 
1.127016653792582E-01 8.872983346207418E-01 
8.872983346207417E-01 1.127016653792584E-01 
5.000000000000001E-01 5.000000000000000E-01 
1.127016653792584E-01 8.872983346207417E-01 
1.127016653792584E-01 8.872983346207416E-01 
5.000000000000000E-01 5.000000000000000E-01 
8.872983346207417E-01 1.127016653792583E-01 
% surface integration lift matrix
2.124327782069140E+00 1.333333333333333E+00 -4.576611154024727E-01 -8.333333333333337E-01 -1.333333333333333E+00 -8.333333333333338E-01 -4.576611154024722E-01 1.333333333333333E+00 2.124327782069140E+00 
-4.576611154024722E-01 1.333333333333333E+00 2.124327782069141E+00 2.124327782069140E+00 1.333333333333333E+00 -4.576611154024723E-01 -8.333333333333337E-01 -1.333333333333333E+00 -8.333333333333335E-01 
-8.333333333333337E-01 -1.333333333333333E+00 -8.333333333333337E-01 -4.576611154024722E-01 1.333333333333333E+00 2.124327782069140E+00 2.124327782069139E+00 1.333333333333333E+00 -4.576611154024726E-01 
% Bernstein VDM matrix
1.000000000000000E+00 0.000000000000000E+00 0.000000000000000E+00 
-0.000000000000000E+00 1.000000000000000E+00 0.000000000000000E+00 
-0.000000000000000E+00 0.000000000000000E+00 1.000000000000000E+00 
% inverse Bernstein VDM matrix
1.000000000000000E+00 0.000000000000000E+00 -0.000000000000000E+00 
0.000000000000000E+00 1.000000000000000E+00 -0.000000000000000E+00 
-0.000000000000000E+00 -0.000000000000000E+00 1.000000000000000E+00 
% sparse BB D1 matrix ids
0 0 0 
0 0 0 
0 0 0 
% sparse BB D2 matrix ids
1 0 0 
1 0 0 
1 0 0 
% sparse BB D3 matrix ids
2 0 0 
2 0 0 
2 0 0 
% sparse BB D1,D2,D3 matrix values
1.000000000000000E+00 0.000000000000000E+00 0.000000000000000E+00 
1.000000000000000E+00 0.000000000000000E+00 0.000000000000000E+00 
1.000000000000000E+00 0.000000000000000E+00 0.000000000000000E+00 
% BB cubature interpolation matrix
8.168475729804580E-01 9.157621350977102E-02 9.157621350977102E-02 
9.157621350977097E-02 8.168475729804585E-01 9.157621350977052E-02 
9.157621350977097E-02 9.157621350977052E-02 8.168475729804585E-01 
1.081030181680700E-01 4.459484909159650E-01 4.459484909159650E-01 
4.459484909159650E-01 1.081030181680700E-01 4.459484909159650E-01 
4.459484909159650E-01 4.459484909159650E-01 1.081030181680700E-01 
% BB cubature projection matrix
7.479105484318650E-01 -2.090276587329497E-01 -2.090276587329496E-01 -3.803660804655416E-01 5.252554247497877E-01 5.252554247497877E-01 
-2.090276587329496E-01 7.479105484318650E-01 -2.090276587329494E-01 5.252554247497880E-01 -3.803660804655407E-01 5.252554247497871E-01 
-2.090276587329495E-01 -2.090276587329494E-01 7.479105484318648E-01 5.252554247497878E-01 5.252554247497870E-01 -3.803660804655406E-01 
% BB L0 values
0.000000000000000E+00 2.500000000000000E+00 5.000000000000000E-01 
5.000000000000000E-01 2.500000000000000E+00 0.000000000000000E+00 
% BB EL ids
0 2 3 4 
1 2 4 5 
0 1 3 5 
% BB EL values
1.000000000000000E+00 -5.000000000000001E-01 -4.999999999999999E-01 1.000000000000000E+00 
1.000000000000000E+00 1.000000000000000E+00 -5.000000000000001E-01 -4.999999999999999E-01 
-5.000000000000001E-01 -4.999999999999999E-01 1.000000000000000E+00 1.000000000000000E+00 
% BB degree raise ids
0 0 
0 1 
1 0 
% BB degree raise values
9.999999999999999E-01 0.000000000000000E+00 
5.000000000000001E-01 5.000000000000000E-01 
1.000000000000000E+00 0.000000000000000E+00 
% BB degree lower matrix
5.000000000000000E-01 5.000000000000000E-01 
% stencil size for IPDG OAS NpP
9
% forward matrix [ change of basis for IPDG OAS precon ]
-3.095714832638322E-01 -3.095714832638304E-01 -3.095714832638305E-01 2.350839225264536E-01 2.350839225264555E-01 2.350839225264533E-01 2.350839225264552E-01 2.350839225264556E-01 2.350839225264536E-01 
-2.677787859257941E-01 -2.677787859257947E-01 -2.677787859257955E-01 -2.350839225264540E-01 -2.350839225264548E-01 -2.350839225264546E-01 -2.350839225264550E-01 -2.350839225264537E-01 -2.350839225264550E-01 
1.269800298049706E+00 -5.385156841862081E-01 -7.312846138634987E-01 1.072295176578006E+00 -2.683275904628634E-01 -6.265472908005167E-01 -7.694594911251161E-01 1.037787081587978E+00 -4.457478857774883E-01 
-2.943616241316018E+00 6.126937252464570E-01 2.330922516069561E+00 1.191988393331236E+00 -5.472394439984916E-01 1.304129441763266E-02 -8.272654763640852E-01 1.374504920362577E+00 -1.205029687748868E+00 
-5.860272216158446E-01 2.930282989500705E+00 -2.344255767884861E+00 5.356143886826951E-01 -1.184051405739631E+00 -1.370816852638386E+00 1.208717755473062E+00 -2.466634973342869E-02 8.352024639556886E-01 
2.694763287445488E-16 1.000542455956601E+00 -1.000542455956602E+00 1.791098501688267E-01 9.208773338515595E-01 7.417674836827328E-01 -7.417674836827326E-01 -1.791098501688254E-01 -9.208773338515618E-01 
-2.226337522383132E-15 4.817234652617133E-16 2.571496701184773E-18 1.154700538379250E+00 -1.154700538379251E+00 1.154700538379255E+00 -1.154700538379256E+00 -1.154700538379252E+00 1.154700538379255E+00 
-5.759170320038575E-01 1.876188383318150E-01 3.882981936720426E-01 -5.741257902078106E-01 1.531786619691513E+00 -9.869402326648044E-01 -4.334454182878482E-01 -1.098341201403662E+00 1.561066022872612E+00 
-9.399893044266272E-07 4.897539322815703E-01 -4.897529922922662E-01 -1.279337309424905E+00 7.145825027876457E-02 1.350790511670268E+00 -1.350792829968303E+00 1.279334579689547E+00 -7.145320224536987E-02 
% diagOp 
2.739077411368530E+01 
2.831448108536886E+00 
6.945465034563507E+00 
4.314414624839514E+01 
4.314414624839512E+01 
6.945465034563499E+00 
2.133333333333332E+01 
1.746594427259685E+01 
1.746594427259684E+01 
% backward matrix [ reverse change of basis for IPDG OAS precon ]
-9.999999999999994E-01 -1.000000000000000E+00 1.000000000000000E+00 -1.000000000000000E+00 -3.257590606225398E-01 -9.633220885813674E-02 -2.241018630863779E-15 -3.724179930411046E-01 -7.630022911079132E-02 
-1.000000000000000E+00 -9.999999999999994E-01 -4.999999999999998E-01 3.333426157513956E-01 1.000000000000000E+00 1.000000000000000E+00 1.672514201702516E-15 1.862084604310342E-01 3.666039414291319E-01 
-9.999999999999993E-01 -9.999999999999987E-01 -4.999999999999992E-01 6.666573842486052E-01 -6.742409393774598E-01 -9.036677911418628E-01 -2.125590793429881E-15 1.862095326100708E-01 -2.903037123183401E-01 
7.593849409123531E-01 -8.779034594308744E-01 8.308716974656868E-01 4.182392846208842E-01 2.309341230000294E-01 9.035069124086641E-02 9.999999999999948E-01 -5.407507964093656E-01 -9.687765876247200E-01 
7.593849409123582E-01 -8.779034594308737E-01 -2.811762910030447E-01 -2.338373385690768E-01 -4.174337317445396E-01 9.031333762769799E-01 -9.999999999999954E-01 9.999998435675581E-01 2.527997984671935E-01 
7.593849409123538E-01 -8.779034594308734E-01 -5.496954064626407E-01 -5.679891437967041E-02 -4.544507475129890E-01 7.586100186543906E-01 1.000000000000000E+00 -4.592492035906388E-01 8.118205495394276E-01 
7.593849409123576E-01 -8.779034594308734E-01 -5.496954064626395E-01 -2.198078560675654E-01 3.643435858102636E-01 -6.527032732469548E-01 -1.000000000000000E+00 -4.592462464078363E-01 -1.000000000000000E+00 
7.593849409123566E-01 -8.779034594308734E-01 8.308716974656849E-01 4.536451946366422E-01 5.309014593427534E-02 -2.504301030300246E-01 -9.999999999999963E-01 -5.407535971597187E-01 7.472002015328120E-01 
7.593849409123534E-01 -8.779034594308732E-01 -2.811762910030438E-01 -3.614403702412151E-01 2.235166245129600E-01 -8.489607098952571E-01 9.999999999999988E-01 1.000000000000000E+00 1.569560380852874E-01 
