% degree N
1
% number of nodes
3
% node coordinates
-1.000000000000000E+00 -1.000000000000000E+00
1.000000000000000E+00 -1.000000000000000E+00
-1.000000000000000E+00 1.000000000000000E+00
% r collocation differentation matrix
-5.000000000000000E-01 5.000000000000000E-01 0.000000000000000E+00 
-5.000000000000000E-01 5.000000000000000E-01 0.000000000000000E+00 
-5.000000000000000E-01 5.000000000000000E-01 0.000000000000000E+00 
% s collocation differentation matrix
-4.999999999999999E-01 -3.204937810639274E-17 5.000000000000000E-01 
-5.000000000000001E-01 6.409875621278547E-17 5.000000000000000E-01 
-4.999999999999999E-01 -3.204937810639274E-17 5.000000000000000E-01 
% reference mass matrix
3.333333333333334E-01 1.666666666666667E-01 1.666666666666667E-01 
1.666666666666668E-01 3.333333333333333E-01 1.666666666666667E-01 
1.666666666666667E-01 1.666666666666667E-01 3.333333333333334E-01 
% FaceNodes
0 1 
1 2 
0 2 
% LIFT matrix
2.500000000000000E+00 5.000000000000003E-01 -1.500000000000000E+00 -1.500000000000000E+00 2.500000000000000E+00 4.999999999999999E-01 
5.000000000000003E-01 2.500000000000000E+00 2.500000000000000E+00 4.999999999999999E-01 -1.500000000000000E+00 -1.500000000000000E+00 
-1.500000000000000E+00 -1.500000000000000E+00 5.000000000000001E-01 2.500000000000000E+00 5.000000000000001E-01 2.500000000000000E+00 
% number of plot nodes
21
% plot node coordinates
-1.000000000000000E+00 -1.000000000000000E+00
-6.000000000000002E-01 -1.000000000000000E+00
-1.999999999999999E-01 -1.000000000000000E+00
1.999999999999999E-01 -1.000000000000000E+00
6.000000000000002E-01 -1.000000000000000E+00
1.000000000000000E+00 -1.000000000000000E+00
-1.000000000000000E+00 -6.000000000000001E-01
-6.000000000000000E-01 -6.000000000000000E-01
-2.000000000000000E-01 -6.000000000000000E-01
1.999999999999999E-01 -6.000000000000001E-01
6.000000000000003E-01 -6.000000000000001E-01
-1.000000000000000E+00 -1.999999999999999E-01
-6.000000000000000E-01 -1.999999999999999E-01
-2.000000000000000E-01 -2.000000000000000E-01
1.999999999999999E-01 -1.999999999999999E-01
-1.000000000000000E+00 1.999999999999999E-01
-6.000000000000000E-01 1.999999999999999E-01
-1.999999999999999E-01 1.999999999999999E-01
-1.000000000000000E+00 6.000000000000002E-01
-6.000000000000001E-01 6.000000000000002E-01
-1.000000000000000E+00 1.000000000000000E+00
% plot node interpolation matrix
1.000000000000000E+00 0.000000000000000E+00 0.000000000000000E+00 
8.000000000000002E-01 1.999999999999999E-01 0.000000000000000E+00 
6.000000000000000E-01 4.000000000000000E-01 0.000000000000000E+00 
4.000000000000000E-01 6.000000000000000E-01 0.000000000000000E+00 
2.000000000000000E-01 8.000000000000000E-01 0.000000000000000E+00 
0.000000000000000E+00 1.000000000000000E+00 0.000000000000000E+00 
8.000000000000002E-01 -1.281975124255709E-16 2.000000000000000E-01 
6.000000000000000E-01 2.000000000000000E-01 2.000000000000000E-01 
4.000000000000000E-01 4.000000000000000E-01 2.000000000000000E-01 
2.000000000000001E-01 6.000000000000000E-01 2.000000000000000E-01 
-2.220446049250313E-16 8.000000000000003E-01 2.000000000000000E-01 
5.999999999999999E-01 -3.204937810639274E-17 4.000000000000001E-01 
3.999999999999999E-01 2.000000000000000E-01 4.000000000000001E-01 
2.000000000000000E-01 4.000000000000001E-01 4.000000000000000E-01 
-1.110223024625157E-16 6.000000000000000E-01 4.000000000000001E-01 
4.000000000000000E-01 0.000000000000000E+00 6.000000000000000E-01 
2.000000000000000E-01 2.000000000000000E-01 6.000000000000000E-01 
-5.551115123125783E-17 4.000000000000001E-01 6.000000000000000E-01 
1.999999999999999E-01 -6.409875621278547E-17 8.000000000000002E-01 
-2.775557561562891E-17 1.999999999999999E-01 8.000000000000002E-01 
0.000000000000000E+00 0.000000000000000E+00 1.000000000000000E+00 
% number of plot elements
30
% number of vertices per plot elements
3
% triangulation of plot nodes
9 10 14
19 18 16
18 20 6
17 16 13
13 12 8
11 15 6
0 1 6
2 7 1
2 8 7
7 11 6
15 18 6
1 7 6
8 9 13
12 15 11
12 16 15
7 12 11
16 18 15
13 16 12
17 14 19
18 19 20
10 9 4
14 13 9
16 17 19
13 14 17
7 8 12
2 3 8
9 8 3
10 4 5
9 3 4
14 10 19
% number of volume cubature nodes
6
% cubature node coordinates and weights
-8.168475729804580E-01 -8.168475729804580E-01 2.199034873106440E-01
6.336951459609170E-01 -8.168475729804590E-01 2.199034873106440E-01
-8.168475729804590E-01 6.336951459609170E-01 2.199034873106440E-01
-1.081030181680700E-01 -1.081030181680700E-01 4.467631793560230E-01
-7.837939636638600E-01 -1.081030181680700E-01 4.467631793560230E-01
-1.081030181680700E-01 -7.837939636638600E-01 4.467631793560230E-01
% cubature interpolation matrix
8.168475729804580E-01 9.157621350977103E-02 9.157621350977101E-02 
9.157621350977085E-02 8.168475729804586E-01 9.157621350977048E-02 
9.157621350977102E-02 9.157621350977058E-02 8.168475729804584E-01 
1.081030181680699E-01 4.459484909159651E-01 4.459484909159650E-01 
4.459484909159650E-01 1.081030181680700E-01 4.459484909159650E-01 
4.459484909159649E-01 4.459484909159651E-01 1.081030181680700E-01 
% cubature r weak differentiation matrix
-6.597104619319318E-01 -6.597104619319318E-01 -6.597104619319318E-01 -1.340289538068069E+00 -1.340289538068069E+00 -1.340289538068069E+00 
6.597104619319318E-01 6.597104619319318E-01 6.597104619319318E-01 1.340289538068069E+00 1.340289538068069E+00 1.340289538068069E+00 
0.000000000000000E+00 0.000000000000000E+00 0.000000000000000E+00 0.000000000000000E+00 0.000000000000000E+00 0.000000000000000E+00 
% cubature s weak differentiation matrix
-6.597104619319318E-01 -6.597104619319319E-01 -6.597104619319319E-01 -1.340289538068069E+00 -1.340289538068069E+00 -1.340289538068069E+00 
-8.050865154063235E-17 4.635120867056462E-17 -3.822203147023336E-17 9.416864464456167E-17 -7.765314006578233E-17 -7.765314006578233E-17 
6.597104619319319E-01 6.597104619319319E-01 6.597104619319319E-01 1.340289538068069E+00 1.340289538068069E+00 1.340289538068069E+00 
% cubature projection matrix
7.479105484318648E-01 -2.090276587329495E-01 -2.090276587329495E-01 -3.803660804655413E-01 5.252554247497878E-01 5.252554247497879E-01 
-2.090276587329494E-01 7.479105484318657E-01 -2.090276587329501E-01 5.252554247497878E-01 -3.803660804655413E-01 5.252554247497879E-01 
-2.090276587329495E-01 -2.090276587329502E-01 7.479105484318657E-01 5.252554247497879E-01 5.252554247497879E-01 -3.803660804655413E-01 
% number of surface integration nodes per face
3
% surface integration interpolation matrix
8.872983346207417E-01 1.127016653792584E-01 
5.000000000000000E-01 5.000000000000000E-01 
1.127016653792582E-01 8.872983346207418E-01 
8.872983346207417E-01 1.127016653792584E-01 
5.000000000000001E-01 5.000000000000000E-01 
1.127016653792584E-01 8.872983346207417E-01 
1.127016653792584E-01 8.872983346207416E-01 
5.000000000000000E-01 5.000000000000000E-01 
8.872983346207417E-01 1.127016653792583E-01 
% surface integration lift matrix
2.124327782069140E+00 1.333333333333333E+00 -4.576611154024727E-01 -8.333333333333337E-01 -1.333333333333333E+00 -8.333333333333338E-01 -4.576611154024722E-01 1.333333333333333E+00 2.124327782069140E+00 
-4.576611154024722E-01 1.333333333333333E+00 2.124327782069141E+00 2.124327782069140E+00 1.333333333333333E+00 -4.576611154024723E-01 -8.333333333333337E-01 -1.333333333333333E+00 -8.333333333333335E-01 
-8.333333333333337E-01 -1.333333333333333E+00 -8.333333333333337E-01 -4.576611154024722E-01 1.333333333333333E+00 2.124327782069140E+00 2.124327782069139E+00 1.333333333333333E+00 -4.576611154024726E-01 
% Bernstein VDM matrix
1.000000000000000E+00 0.000000000000000E+00 0.000000000000000E+00 
-0.000000000000000E+00 1.000000000000000E+00 0.000000000000000E+00 
-0.000000000000000E+00 0.000000000000000E+00 1.000000000000000E+00 
% inverse Bernstein VDM matrix
1.000000000000000E+00 0.000000000000000E+00 -0.000000000000000E+00 
0.000000000000000E+00 1.000000000000000E+00 -0.000000000000000E+00 
-0.000000000000000E+00 -0.000000000000000E+00 1.000000000000000E+00 
% sparse BB D1 matrix ids
0 0 0 
0 0 0 
0 0 0 
% sparse BB D2 matrix ids
1 0 0 
1 0 0 
1 0 0 
% sparse BB D3 matrix ids
2 0 0 
2 0 0 
2 0 0 
% sparse BB D1,D2,D3 matrix values
1.000000000000000E+00 0.000000000000000E+00 0.000000000000000E+00 
1.000000000000000E+00 0.000000000000000E+00 0.000000000000000E+00 
1.000000000000000E+00 0.000000000000000E+00 0.000000000000000E+00 
% BB cubature interpolation matrix
8.168475729804580E-01 9.157621350977102E-02 9.157621350977102E-02 
9.157621350977097E-02 8.168475729804585E-01 9.157621350977052E-02 
9.157621350977097E-02 9.157621350977052E-02 8.168475729804585E-01 
1.081030181680700E-01 4.459484909159650E-01 4.459484909159650E-01 
4.459484909159650E-01 1.081030181680700E-01 4.459484909159650E-01 
4.459484909159650E-01 4.459484909159650E-01 1.081030181680700E-01 
% BB cubature projection matrix
7.479105484318650E-01 -2.090276587329497E-01 -2.090276587329496E-01 -3.803660804655416E-01 5.252554247497877E-01 5.252554247497877E-01 
-2.090276587329496E-01 7.479105484318650E-01 -2.090276587329494E-01 5.252554247497880E-01 -3.803660804655407E-01 5.252554247497871E-01 
-2.090276587329495E-01 -2.090276587329494E-01 7.479105484318648E-01 5.252554247497878E-01 5.252554247497870E-01 -3.803660804655406E-01 
% BB L0 values
0.000000000000000E+00 2.500000000000000E+00 5.000000000000000E-01 
5.000000000000000E-01 2.500000000000000E+00 0.000000000000000E+00 
% BB EL ids
0 2 3 4 
1 2 4 5 
0 1 3 5 
% BB EL values
1.000000000000000E+00 -5.000000000000001E-01 -4.999999999999999E-01 1.000000000000000E+00 
1.000000000000000E+00 1.000000000000000E+00 -5.000000000000001E-01 -4.999999999999999E-01 
-5.000000000000001E-01 -4.999999999999999E-01 1.000000000000000E+00 1.000000000000000E+00 
% BB degree raise ids
0 0 
0 1 
1 0 
% BB degree raise values
9.999999999999999E-01 0.000000000000000E+00 
5.000000000000001E-01 5.000000000000000E-01 
1.000000000000000E+00 0.000000000000000E+00 
% BB degree lower matrix
5.000000000000000E-01 5.000000000000000E-01 
% stencil size for IPDG OAS NpP
9
% forward matrix [ change of basis for IPDG OAS precon ]
2.543885229462724E+00 -3.481535059497057E-02 -2.509069878867750E+00 -9.507731144308198E-01 9.507731144308191E-01 -9.122636035889994E-01 9.122636035889992E-01 -1.863036718019819E+00 1.863036718019815E+00 
4.353082559031687E-01 4.353082559031691E-01 4.353082559031689E-01 2.030304756577245E-01 2.030304756577228E-01 2.030304756577239E-01 2.030304756577232E-01 2.030304756577240E-01 2.030304756577236E-01 
-2.074916924054280E+00 4.211295819283223E-01 1.653787342125959E+00 -1.128302233753136E+00 1.128302233753135E+00 -5.572053649443603E-01 5.572053649443591E-01 -1.685507598697497E+00 1.685507598697498E+00 
-2.030304756577255E-01 -2.030304756577249E-01 -2.030304756577255E-01 2.902055039354461E-01 2.902055039354497E-01 2.902055039354464E-01 2.902055039354506E-01 2.902055039354496E-01 2.902055039354464E-01 
3.553163104714648E-15 -2.526477554165228E+00 2.526477554165223E+00 -9.315183590099027E-01 9.315183590099048E-01 1.863036718019816E+00 -1.863036718019815E+00 9.315183590099069E-01 -9.315183590099065E-01 
-9.325872268165451E-16 -1.864352133090123E+00 1.864352133090123E+00 8.427537993487496E-01 -8.427537993487478E-01 -1.685507598697493E+00 1.685507598697493E+00 -8.427537993487496E-01 8.427537993487507E-01 
1.632501410790502E-15 1.862542207225635E-16 2.092523363935149E-15 -1.154700538379266E+00 1.154700538379252E+00 -1.154700538379260E+00 1.154700538379260E+00 1.154700538379263E+00 -1.154700538379257E+00 
-1.546803945908200E-15 1.459446391751430E-15 -1.030985454631682E-15 5.856341222857839E-01 5.856341222857849E-01 -9.000451750460916E-01 -9.000451750460918E-01 3.144110527603089E-01 3.144110527603080E-01 
-5.449990558269366E-16 -1.111887528418553E-17 1.304383216398976E-15 2.252958639180131E-01 2.252958639179968E-01 6.301917167069433E-01 6.301917167069268E-01 -8.554875806249492E-01 -8.554875806249321E-01 
% diagOp 
1.094961926726536E+01 
2.600781357317837E+00 
4.383714066067967E+00 
8.288107531571042E+00 
1.094961926726536E+01 
4.383714066067962E+00 
7.333333333333337E+00 
6.888888888888886E+00 
6.888888888888883E+00 
% backward matrix [ reverse change of basis for IPDG OAS precon ]
1.000000000000000E+00 1.000000000000000E+00 -1.000000000000000E+00 -6.996093213410741E-01 4.896648545706740E-01 3.305860889473002E-01 1.260733509053347E-15 -2.084726162516859E-15 -2.959849814475476E-15 
-4.999999999999992E-01 9.999999999999986E-01 4.999999999999994E-01 -6.996093213410730E-01 -1.000000000000000E+00 -1.000000000000000E+00 -9.265325275452838E-16 2.130714741190962E-15 2.145029017801278E-15 
-5.000000000000002E-01 9.999999999999994E-01 5.000000000000012E-01 -6.996093213410778E-01 5.103351454293263E-01 6.694139110526999E-01 3.911186254313496E-15 -5.533354963986208E-16 1.300868396077245E-15 
-5.530536126122551E-01 4.664062142273877E-01 -6.780536126122582E-01 9.999999999999815E-01 -5.492430196012159E-01 6.014724696682204E-01 -9.999999999999876E-01 9.999999999999855E-01 8.174417116718355E-01 
5.530536126122562E-01 4.664062142273864E-01 6.780536126122576E-01 1.000000000000000E+00 5.492430196012171E-01 -6.014724696682198E-01 9.999999999999963E-01 1.000000000000000E+00 8.174417116718522E-01 
-2.491493731569424E-16 4.664062142273874E-01 1.033869063086480E-15 9.999999999999878E-01 5.568642056233001E-01 -7.546347555562922E-01 -9.999999999999925E-01 -7.274675271331573E-01 1.825582883281408E-01 
1.436624279529357E-16 4.664062142273863E-01 -7.623990241525461E-16 9.999999999999983E-01 -5.568642056233004E-01 7.546347555562918E-01 9.999999999999929E-01 -7.274675271331451E-01 1.825582883281564E-01 
-5.530536126122561E-01 4.664062142273875E-01 -6.780536126122562E-01 9.999999999999936E-01 7.621186022083470E-03 -1.531622858880733E-01 9.999999999999833E-01 -2.725324728668344E-01 -9.999999999999855E-01 
5.530536126122556E-01 4.664062142273865E-01 6.780536126122565E-01 9.999999999999882E-01 -7.621186022083111E-03 1.531622858880731E-01 -1.000000000000000E+00 -2.725324728668473E-01 -1.000000000000000E+00 
% rotated local ids 
0 1 2 
1 2 0 
2 0 1 
% patch inverse matrix 
9.218622599724694E-01 -1.829172929758891E-01 -1.829172929758893E-01 -1.630585680846498E-01 2.386794511692986E-01 6.199491678125190E-02 7.691768235465565E-02 7.691768235465567E-02 -8.954564136653172E-02 2.386794511692986E-01 -1.630585680846497E-01 6.199491678125187E-02 
-1.829172929758890E-01 9.218622599724687E-01 -1.829172929758890E-01 2.386794511692986E-01 -1.630585680846497E-01 6.199491678125182E-02 -1.630585680846496E-01 2.386794511692985E-01 6.199491678125187E-02 7.691768235465563E-02 7.691768235465571E-02 -8.954564136653169E-02 
-1.829172929758891E-01 -1.829172929758890E-01 9.218622599724692E-01 7.691768235465572E-02 7.691768235465569E-02 -8.954564136653176E-02 2.386794511692985E-01 -1.630585680846496E-01 6.199491678125190E-02 -1.630585680846497E-01 2.386794511692986E-01 6.199491678125184E-02 
-1.630585680846498E-01 2.386794511692986E-01 7.691768235465575E-02 7.595550905886461E-01 -3.312864478139953E-01 -1.230494804978177E-01 -2.303412612175600E-02 3.578833526538684E-02 3.249068182395448E-02 -2.303412612175603E-02 6.422996494708234E-02 -2.261497568433048E-02 
2.386794511692985E-01 -1.630585680846496E-01 7.691768235465564E-02 -3.312864478139953E-01 7.595550905886461E-01 -1.230494804978176E-01 6.422996494708226E-02 -2.303412612175600E-02 -2.261497568433046E-02 3.578833526538686E-02 -2.303412612175601E-02 3.249068182395445E-02 
6.199491678125190E-02 6.199491678125187E-02 -8.954564136653174E-02 -1.230494804978177E-01 -1.230494804978176E-01 4.897333090025331E-01 -2.261497568433046E-02 3.249068182395446E-02 -6.217608572031985E-03 3.249068182395447E-02 -2.261497568433047E-02 -6.217608572031975E-03 
7.691768235465565E-02 -1.630585680846496E-01 2.386794511692985E-01 -2.303412612175599E-02 6.422996494708227E-02 -2.261497568433045E-02 7.595550905886457E-01 -3.312864478139950E-01 -1.230494804978176E-01 -2.303412612175597E-02 3.578833526538682E-02 3.249068182395444E-02 
7.691768235465567E-02 2.386794511692984E-01 -1.630585680846496E-01 3.578833526538681E-02 -2.303412612175597E-02 3.249068182395443E-02 -3.312864478139949E-01 7.595550905886457E-01 -1.230494804978176E-01 6.422996494708223E-02 -2.303412612175599E-02 -2.261497568433044E-02 
-8.954564136653168E-02 6.199491678125189E-02 6.199491678125189E-02 3.249068182395447E-02 -2.261497568433046E-02 -6.217608572031980E-03 -1.230494804978176E-01 -1.230494804978176E-01 4.897333090025329E-01 -2.261497568433046E-02 3.249068182395447E-02 -6.217608572031979E-03 
2.386794511692985E-01 7.691768235465561E-02 -1.630585680846497E-01 -2.303412612175604E-02 3.578833526538688E-02 3.249068182395445E-02 -2.303412612175598E-02 6.422996494708223E-02 -2.261497568433046E-02 7.595550905886459E-01 -3.312864478139952E-01 -1.230494804978176E-01 
-1.630585680846496E-01 7.691768235465571E-02 2.386794511692985E-01 6.422996494708230E-02 -2.303412612175601E-02 -2.261497568433046E-02 3.578833526538681E-02 -2.303412612175597E-02 3.249068182395445E-02 -3.312864478139950E-01 7.595550905886460E-01 -1.230494804978177E-01 
6.199491678125182E-02 -8.954564136653170E-02 6.199491678125191E-02 -2.261497568433045E-02 3.249068182395445E-02 -6.217608572031982E-03 3.249068182395445E-02 -2.261497568433047E-02 -6.217608572031971E-03 -1.230494804978177E-01 -1.230494804978175E-01 4.897333090025329E-01 
% degree raising interpolation matrix
6 3
1.000000000000000E+00 0.000000000000000E+00 0.000000000000000E+00 
5.000000000000000E-01 5.000000000000000E-01 0.000000000000000E+00 
0.000000000000000E+00 1.000000000000000E+00 0.000000000000000E+00 
5.000000000000000E-01 0.000000000000000E+00 5.000000000000000E-01 
-1.110223024625157E-16 5.000000000000001E-01 5.000000000000000E-01 
0.000000000000000E+00 0.000000000000000E+00 1.000000000000000E+00 
% degree lowering interpolation matrix
1 3
3.333333333333334E-01 3.333333333333334E-01 3.333333333333333E-01 
